01|VENDAS|050|01|202301170505|20230117|20230117|16731862000124|07216054000138
02|01|00000000000000008110|01|01|20221201|00000000000000000000|00000010441261000109|RJ|21010410|RJ|00000000|CIF|01
03|00000000000000008110|01|01|7891173024978|02|  15.75|N|    31.50|    31.50|00|00|00|00|00
02|01|00000000000000008121|01|01|20221202|00000000000000000000|00000026907613000109|RJ|21010410|RJ|00000000|CIF|01
03|00000000000000008121|01|01|7891173025067|01|   6.90|N|     6.90|     6.90|00|00|00|00|00
03|00000000000000008121|01|01|7891173025074|01|   8.53|N|     8.53|     8.53|00|00|00|00|00
02|01|00000000000000008126|01|01|20221203|00000000000000000000|00000017655759001004|RJ|21010410|RJ|00000000|CIF|01
03|00000000000000008126|01|01|7891173023001|02|  24.99|N|    49.98|    49.98|00|00|00|00|00
03|00000000000000008126|01|01|7891173023001|03|  24.99|N|    74.97|    74.97|00|00|00|00|00
02|01|00000000000000008128|01|01|20221205|00000000000000000000|00000017162579001830|RJ|21010410|RJ|00000000|CIF|01
03|00000000000000008128|01|01|7891173023001|10|  24.99|N|   249.90|   249.90|00|00|00|00|00
02|01|00000000000000008135|01|01|20221206|00000000000000000000|00000027469938000101|RJ|21010410|RJ|00000000|CIF|01
03|00000000000000008135|01|01|7891173023001|04|  24.99|N|    99.96|    99.96|00|00|00|00|00
02|01|00000000000000008137|01|01|20221207|00000000000000000000|00000010313556000191|RJ|21010410|RJ|00000000|CIF|01
03|00000000000000008137|01|01|7891173023001|10|  24.99|N|   249.90|   249.90|00|00|00|00|00
02|01|00000000000000008138|01|01|20221207|00000000000000000000|00000028044429000108|RJ|21010410|RJ|00000000|CIF|01
03|00000000000000008138|01|01|7891173023001|05|  24.99|N|   124.95|   124.95|00|00|00|00|00
02|01|00000000000000008141|01|01|20221207|00000000000000000000|00000010309479000104|RJ|21010410|RJ|00000000|CIF|01
03|00000000000000008141|01|01|7891173023001|20|  24.99|N|   499.80|   499.80|00|00|00|00|00
03|00000000000000008141|01|01|7891173024008|02|  59.36|N|   118.72|   118.72|00|00|00|00|00
02|01|00000000000000008144|01|01|20221208|00000000000000000000|00000021949868000102|RJ|21010410|RJ|00000000|CIF|01
03|00000000000000008144|01|01|7891173023001|02|  24.99|N|    49.98|    49.98|00|00|00|00|00
02|01|00000000000000008156|01|01|20221210|00000000000000000000|00000014644616000100|RJ|21010410|RJ|00000000|CIF|01
03|00000000000000008156|01|01|7891173023001|01|  24.99|N|    24.99|    24.99|00|00|00|00|00
02|01|00000000000000008159|01|01|20221210|00000000000000000000|00000008218809000104|RJ|21010410|RJ|00000000|CIF|01
03|00000000000000008159|01|01|7891173023117|01|  26.96|N|    26.96|    26.96|00|00|00|00|00
03|00000000000000008159|01|01|7891173023209|04|   5.44|N|    21.76|    21.76|00|00|00|00|00
02|01|00000000000000008165|01|01|20221212|00000000000000000000|00000008239521000108|RJ|21010410|RJ|00000000|CIF|01
03|00000000000000008165|01|01|7891173023001|20|  24.99|N|   499.80|   499.80|00|00|00|00|00
02|01|00000000000000008167|01|01|20221212|00000000000000000000|00000031690024000143|RJ|21010410|RJ|00000000|CIF|01
03|00000000000000008167|01|01|7891173063502|01|  24.99|N|    24.99|    24.99|00|00|00|00|00
02|01|00000000000000013107|01|01|20221201|00000000000000000000|00000000011111111111|RJ|21010410|RJ|00000000|CIF|01
03|00000000000000013107|01|01|7891173023001|01|  24.81|N|    24.81|    24.81|00|00|00|00|00