01|VENDAS|050||202304051013|20230405|20230405|22013079000128|07216054000138
02|01|00000000000000014916|01|01|20230301|00000000000000000000|00000000011111111111|RJ|21010410|RJ|00000000|CIF|01
02|01|00000000000000014916|01|01|20230301|00000000000000000000|00000000011111111111|RJ|21010410|RJ|00000000|CIF|01
03|00000000000000014916|01|01|         1429|02|   5.10|N|    10.20|    10.20|00|00|00|00|00
03|00000000000000014916|01|01|         1429|02|   5.10|N|    10.20|    10.20|00|00|00|00|00
02|01|00000000000000014917|01|01|20230301|00000000000000000000|00000000011111111111|RJ|21010410|RJ|00000000|CIF|01
03|00000000000000014917|01|01|         1430|01|  27.87|N|    27.87|    27.87|00|00|00|00|00
02|01|00000000000000014919|01|01|20230301|00000000000000000000|00000000011111111111|RJ|21010410|RJ|00000000|CIF|01
03|00000000000000014919|01|01|         1430|10|  26.48|N|   264.77|   264.77|00|00|00|00|00
02|01|00000000000000014927|01|01|20230301|00000000000000000000|00000000011111111111|RJ|21010410|RJ|00000000|CIF|01
03|00000000000000014927|01|01|         3076|01|  55.74|N|    55.74|    55.74|00|00|00|00|00
02|01|00000000000000014929|01|01|20230301|00000000000000000000|00000000011111111111|RJ|21010410|RJ|00000000|CIF|01
02|01|00000000000000014929|01|01|20230301|00000000000000000000|00000000011111111111|RJ|21010410|RJ|00000000|CIF|01
03|00000000000000014929|01|01|         1430|01|  20.90|N|    20.90|    20.90|00|00|00|00|00
03|00000000000000014929|01|01|         3716|02|   4.08|N|     8.16|     8.16|00|00|00|00|00
02|01|00000000000000014935|01|01|20230302|00000000000000000000|00000000011111111111|RJ|21010410|RJ|00000000|CIF|01
02|01|00000000000000014935|01|01|20230302|00000000000000000000|00000000011111111111|RJ|21010410|RJ|00000000|CIF|01
03|00000000000000014935|01|01|         3123|01|  26.91|N|    26.91|    26.91|00|00|00|00|00
03|00000000000000014935|01|01|         3123|01|  26.91|N|    26.91|    26.91|00|00|00|00|00
02|01|00000000000000014939|01|01|20230302|00000000000000000000|00000000011111111111|RJ|21010410|RJ|00000000|CIF|01
03|00000000000000014939|01|01|         1429|02|   5.10|N|    10.20|    10.20|00|00|00|00|00
02|01|00000000000000014940|01|01|20230302|00000000000000000000|00000000011111111111|RJ|21010410|RJ|00000000|CIF|01
03|00000000000000014940|01|01|         1928|01|  33.45|N|    33.45|    33.45|00|00|00|00|00
02|01|00000000000000014941|01|01|20230302|00000000000000000000|00000000011111111111|RJ|21010410|RJ|00000000|CIF|01
02|01|00000000000000014941|01|01|20230302|00000000000000000000|00000000011111111111|RJ|21010410|RJ|00000000|CIF|01
02|01|00000000000000014941|01|01|20230302|00000000000000000000|00000000011111111111|RJ|21010410|RJ|00000000|CIF|01
03|00000000000000014941|01|01|          229|04|  26.96|N|   107.84|   107.84|00|00|00|00|00
03|00000000000000014941|01|01|          232|04|  26.96|N|   107.84|   107.84|00|00|00|00|00
03|00000000000000014941|01|01|         1430|02|  27.87|N|    55.74|    55.74|00|00|00|00|00
02|01|00000000000000014944|01|01|20230302|00000000000000000000|00000000011111111111|RJ|21010410|RJ|00000000|CIF|01
03|00000000000000014944|01|01|         3716|01|   5.44|N|     5.44|     5.44|00|00|00|00|00
02|01|00000000000000014963|01|01|20230303|00000000000000000000|00000000011111111111|RJ|21010410|RJ|00000000|CIF|01
03|00000000000000014963|01|01|         1430|20|  20.90|N|   418.05|   418.05|00|00|00|00|00
02|01|00000000000000014964|01|01|20230303|00000000000000000000|00000000011111111111|RJ|21010410|RJ|00000000|CIF|01
02|01|00000000000000014964|01|01|20230303|00000000000000000000|00000000011111111111|RJ|21010410|RJ|00000000|CIF|01
02|01|00000000000000014964|01|01|20230303|00000000000000000000|00000000011111111111|RJ|21010410|RJ|00000000|CIF|01
03|00000000000000014964|01|01|          229|04|  25.61|N|   102.45|   102.45|00|00|00|00|00
03|00000000000000014964|01|01|          232|04|  25.61|N|   102.45|   102.45|00|00|00|00|00
03|00000000000000014964|01|01|         1430|02|  26.48|N|    52.95|    52.95|00|00|00|00|00
02|01|00000000000000014971|01|01|20230303|00000000000000000000|00000000011111111111|RJ|21010410|RJ|00000000|CIF|01
03|00000000000000014971|01|01|         1429|01|   4.33|N|     4.33|     4.33|00|00|00|00|00
02|01|00000000000000014979|01|01|20230303|00000000000000000000|00000000011111111111|RJ|21010410|RJ|00000000|CIF|01
03|00000000000000014979|01|01|         1430|10|  20.90|N|   209.03|   209.03|00|00|00|00|00
02|01|00000000000000014983|01|01|20230303|00000000000000000000|00000000011111111111|RJ|21010410|RJ|00000000|CIF|01
02|01|00000000000000014983|01|01|20230303|00000000000000000000|00000000011111111111|RJ|21010410|RJ|00000000|CIF|01
02|01|00000000000000014983|01|01|20230303|00000000000000000000|00000000011111111111|RJ|21010410|RJ|00000000|CIF|01
03|00000000000000014983|01|01|         1429|12|   5.10|N|    61.20|    61.20|00|00|00|00|00
03|00000000000000014983|01|01|         1928|03|  33.45|N|   100.35|   100.35|00|00|00|00|00
03|00000000000000014983|01|01|         3717|06|   5.44|N|    32.64|    32.64|00|00|00|00|00
02|01|00000000000000014992|01|01|20230306|00000000000000000000|00000000011111111111|RJ|21010410|RJ|00000000|CIF|01
03|00000000000000014992|01|01|         1430|01|  27.87|N|    27.87|    27.87|00|00|00|00|00
02|01|00000000000000014993|01|01|20230306|00000000000000000000|00000000011111111111|RJ|21010410|RJ|00000000|CIF|01
03|00000000000000014993|01|01|         1928|10|  31.78|N|   317.78|   317.78|00|00|00|00|00
02|01|00000000000000014994|01|01|20230306|00000000000000000000|00000000011111111111|RJ|21010410|RJ|00000000|CIF|01
03|00000000000000014994|01|01|         1429|02|   5.10|N|    10.20|    10.20|00|00|00|00|00
02|01|00000000000000014996|01|01|20230306|00000000000000000000|00000000011111111111|RJ|21010410|RJ|00000000|CIF|01
03|00000000000000014996|01|01|         1430|01|  27.87|N|    27.87|    27.87|00|00|00|00|00
02|01|00000000000000014997|01|01|20230306|00000000000000000000|00000000011111111111|RJ|21010410|RJ|00000000|CIF|01
03|00000000000000014997|01|01|         1430|01|  25.09|N|    25.09|    25.09|00|00|00|00|00
02|01|00000000000000014999|01|01|20230306|00000000000000000000|00000000011111111111|RJ|21010410|RJ|00000000|CIF|01
03|00000000000000014999|01|01|         1429|02|   5.10|N|    10.20|    10.20|00|00|00|00|00
02|01|00000000000000015007|01|01|20230306|00000000000000000000|00000000011111111111|RJ|21010410|RJ|00000000|CIF|01
03|00000000000000015007|01|01|         1430|13|  27.87|N|   362.31|   362.31|00|00|00|00|00
02|01|00000000000000015008|01|01|20230306|00000000000000000000|00000000011111111111|RJ|21010410|RJ|00000000|CIF|01
03|00000000000000015008|01|01|         1430|01|  27.87|N|    27.87|    27.87|00|00|00|00|00
02|01|00000000000000015011|01|01|20230306|00000000000000000000|00000000011111111111|RJ|21010410|RJ|00000000|CIF|01
03|00000000000000015011|01|01|         1430|01|  27.87|N|    27.87|    27.87|00|00|00|00|00
02|01|00000000000000015012|01|01|20230307|00000000000000000000|00000000011111111111|RJ|21010410|RJ|00000000|CIF|01
03|00000000000000015012|01|01|         1430|02|  27.87|N|    55.74|    55.74|00|00|00|00|00
02|01|00000000000000015013|01|01|20230307|00000000000000000000|00000000011111111111|RJ|21010410|RJ|00000000|CIF|01
03|00000000000000015013|01|01|         3076|03|  55.74|N|   167.22|   167.22|00|00|00|00|00
02|01|00000000000000015028|01|01|20230307|00000000000000000000|00000000011111111111|RJ|21010410|RJ|00000000|CIF|01
03|00000000000000015028|01|01|         1430|01|  27.87|N|    27.87|    27.87|00|00|00|00|00
02|01|00000000000000015030|01|01|20230307|00000000000000000000|00000000011111111111|RJ|21010410|RJ|00000000|CIF|01
03|00000000000000015030|01|01|          231|02|  31.44|N|    62.88|    62.88|00|00|00|00|00
02|01|00000000000000015034|01|01|20230307|00000000000000000000|00000000011111111111|RJ|21010410|RJ|00000000|CIF|01
03|00000000000000015034|01|01|         1430|04|  27.87|N|   111.48|   111.48|00|00|00|00|00
02|01|00000000000000015052|01|01|20230308|00000000000000000000|00000000011111111111|RJ|21010410|RJ|00000000|CIF|01
03|00000000000000015052|01|01|         1430|05|  27.87|N|   139.35|   139.35|00|00|00|00|00
02|01|00000000000000015057|01|01|20230308|00000000000000000000|00000000011111111111|RJ|21010410|RJ|00000000|CIF|01
02|01|00000000000000015057|01|01|20230308|00000000000000000000|00000000011111111111|RJ|21010410|RJ|00000000|CIF|01
02|01|00000000000000015057|01|01|20230308|00000000000000000000|00000000011111111111|RJ|21010410|RJ|00000000|CIF|01
02|01|00000000000000015057|01|01|20230308|00000000000000000000|00000000011111111111|RJ|21010410|RJ|00000000|CIF|01
02|01|00000000000000015057|01|01|20230308|00000000000000000000|00000000011111111111|RJ|21010410|RJ|00000000|CIF|01
03|00000000000000015057|01|01|         1425|04|  31.85|N|   127.40|   127.40|00|00|00|00|00
03|00000000000000015057|01|01|         1429|01|   5.10|N|     5.10|     5.10|00|00|00|00|00
03|00000000000000015057|01|01|         1429|05|   5.10|N|    25.50|    25.50|00|00|00|00|00
03|00000000000000015057|01|01|         3716|05|   5.44|N|    27.20|    27.20|00|00|00|00|00
03|00000000000000015057|01|01|         3717|05|   5.44|N|    27.20|    27.20|00|00|00|00|00
02|01|00000000000000015059|01|01|20230308|00000000000000000000|00000000011111111111|RJ|21010410|RJ|00000000|CIF|01
03|00000000000000015059|01|01|        32365|01|  15.96|N|    15.96|    15.96|00|00|00|00|00
02|01|00000000000000015070|01|01|20230308|00000000000000000000|00000000011111111111|RJ|21010410|RJ|00000000|CIF|01
02|01|00000000000000015070|01|01|20230308|00000000000000000000|00000000011111111111|RJ|21010410|RJ|00000000|CIF|01
02|01|00000000000000015070|01|01|20230308|00000000000000000000|00000000011111111111|RJ|21010410|RJ|00000000|CIF|01
03|00000000000000015070|01|01|         3716|05|   5.17|N|    25.84|    25.84|00|00|00|00|00
03|00000000000000015070|01|01|         3717|10|   5.17|N|    51.68|    51.68|00|00|00|00|00
03|00000000000000015070|01|01|         3746|10|   6.13|N|    61.28|    61.28|00|00|00|00|00
02|01|00000000000000015071|01|01|20230308|00000000000000000000|00000000011111111111|RJ|21010410|RJ|00000000|CIF|01
03|00000000000000015071|01|01|         1425|01|  31.85|N|    31.85|    31.85|00|00|00|00|00
02|01|00000000000000015075|01|01|20230309|00000000000000000000|00000000011111111111|RJ|21010410|RJ|00000000|CIF|01
03|00000000000000015075|01|01|         1430|03|  27.87|N|    83.61|    83.61|00|00|00|00|00
02|01|00000000000000015082|01|01|20230309|00000000000000000000|00000000011111111111|RJ|21010410|RJ|00000000|CIF|01
03|00000000000000015082|01|01|         3398|01|  26.88|N|    26.88|    26.88|00|00|00|00|00
02|01|00000000000000015101|01|01|20230309|00000000000000000000|00000000011111111111|RJ|21010410|RJ|00000000|CIF|01
03|00000000000000015101|01|01|         1430|01|  27.87|N|    27.87|    27.87|00|00|00|00|00
02|01|00000000000000015105|01|01|20230309|00000000000000000000|00000000011111111111|RJ|21010410|RJ|00000000|CIF|01
02|01|00000000000000015105|01|01|20230309|00000000000000000000|00000000011111111111|RJ|21010410|RJ|00000000|CIF|01
02|01|00000000000000015105|01|01|20230309|00000000000000000000|00000000011111111111|RJ|21010410|RJ|00000000|CIF|01
02|01|00000000000000015105|01|01|20230309|00000000000000000000|00000000011111111111|RJ|21010410|RJ|00000000|CIF|01
02|01|00000000000000015105|01|01|20230309|00000000000000000000|00000000011111111111|RJ|21010410|RJ|00000000|CIF|01
03|00000000000000015105|01|01|          229|01|  31.44|N|    31.44|    31.44|00|00|00|00|00
03|00000000000000015105|01|01|         1429|32|   5.10|N|   163.20|   163.20|00|00|00|00|00
03|00000000000000015105|01|01|         3716|05|   5.44|N|    27.20|    27.20|00|00|00|00|00
03|00000000000000015105|01|01|         3717|05|   5.44|N|    27.20|    27.20|00|00|00|00|00
03|00000000000000015105|01|01|         3717|15|   5.44|N|    81.60|    81.60|00|00|00|00|00
02|01|00000000000000015112|01|01|20230310|00000000000000000000|00000000011111111111|RJ|21010410|RJ|00000000|CIF|01
03|00000000000000015112|01|01|         1430|10|  25.08|N|   250.83|   250.83|00|00|00|00|00
02|01|00000000000000015116|01|01|20230310|00000000000000000000|00000000011111111111|RJ|21010410|RJ|00000000|CIF|01
03|00000000000000015116|01|01|         1430|01|  27.87|N|    27.87|    27.87|00|00|00|00|00
02|01|00000000000000015117|01|01|20230310|00000000000000000000|00000000011111111111|RJ|21010410|RJ|00000000|CIF|01
03|00000000000000015117|01|01|         1430|01|  27.87|N|    27.87|    27.87|00|00|00|00|00
02|01|00000000000000015118|01|01|20230310|00000000000000000000|00000000011111111111|RJ|21010410|RJ|00000000|CIF|01
02|01|00000000000000015118|01|01|20230310|00000000000000000000|00000000011111111111|RJ|21010410|RJ|00000000|CIF|01
02|01|00000000000000015118|01|01|20230310|00000000000000000000|00000000011111111111|RJ|21010410|RJ|00000000|CIF|01
02|01|00000000000000015118|01|01|20230310|00000000000000000000|00000000011111111111|RJ|21010410|RJ|00000000|CIF|01
03|00000000000000015118|01|01|          229|04|  31.44|N|   125.76|   125.76|00|00|00|00|00
03|00000000000000015118|01|01|          232|04|  31.44|N|   125.76|   125.76|00|00|00|00|00
03|00000000000000015118|01|01|         1430|02|  27.87|N|    55.74|    55.74|00|00|00|00|00
03|00000000000000015118|01|01|         3123|02|  26.91|N|    53.82|    53.82|00|00|00|00|00
02|01|00000000000000015131|01|01|20230310|00000000000000000000|00000000011111111111|RJ|21010410|RJ|00000000|CIF|01
03|00000000000000015131|01|01|          232|01|  31.44|N|    31.44|    31.44|00|00|00|00|00
02|01|00000000000000015132|01|01|20230310|00000000000000000000|00000000011111111111|RJ|21010410|RJ|00000000|CIF|01
03|00000000000000015132|01|01|         1430|01|  27.87|N|    27.87|    27.87|00|00|00|00|00
02|01|00000000000000015146|01|01|20230313|00000000000000000000|00000000011111111111|RJ|21010410|RJ|00000000|CIF|01
02|01|00000000000000015146|01|01|20230313|00000000000000000000|00000000011111111111|RJ|21010410|RJ|00000000|CIF|01
02|01|00000000000000015146|01|01|20230313|00000000000000000000|00000000011111111111|RJ|21010410|RJ|00000000|CIF|01
02|01|00000000000000015146|01|01|20230313|00000000000000000000|00000000011111111111|RJ|21010410|RJ|00000000|CIF|01
02|01|00000000000000015146|01|01|20230313|00000000000000000000|00000000011111111111|RJ|21010410|RJ|00000000|CIF|01
03|00000000000000015146|01|01|         1429|06|   5.10|N|    30.60|    30.60|00|00|00|00|00
03|00000000000000015146|01|01|         1429|50|   5.10|N|   255.00|   255.00|00|00|00|00|00
03|00000000000000015146|01|01|         3715|01|   6.45|N|     6.45|     6.45|00|00|00|00|00
03|00000000000000015146|01|01|         3716|05|   5.44|N|    27.20|    27.20|00|00|00|00|00
03|00000000000000015146|01|01|         3746|01|   6.45|N|     6.45|     6.45|00|00|00|00|00
02|01|00000000000000015155|01|01|20230313|00000000000000000000|00000000011111111111|RJ|21010410|RJ|00000000|CIF|01
03|00000000000000015155|01|01|         1430|01|  27.87|N|    27.87|    27.87|00|00|00|00|00
02|01|00000000000000015156|01|01|20230313|00000000000000000000|00000000011111111111|RJ|21010410|RJ|00000000|CIF|01
03|00000000000000015156|01|01|         1430|20|  27.87|N|   557.40|   557.40|00|00|00|00|00
02|01|00000000000000015161|01|01|20230314|00000000000000000000|00000000011111111111|RJ|21010410|RJ|00000000|CIF|01
03|00000000000000015161|01|01|         1430|03|  27.87|N|    83.61|    83.61|00|00|00|00|00
02|01|00000000000000015167|01|01|20230314|00000000000000000000|00000000011111111111|RJ|21010410|RJ|00000000|CIF|01
03|00000000000000015167|01|01|         1430|05|  27.87|N|   139.35|   139.35|00|00|00|00|00
02|01|00000000000000015170|01|01|20230314|00000000000000000000|00000000011111111111|RJ|21010410|RJ|00000000|CIF|01
03|00000000000000015170|01|01|         1430|01|  27.87|N|    27.87|    27.87|00|00|00|00|00
02|01|00000000000000015173|01|01|20230314|00000000000000000000|00000000011111111111|RJ|21010410|RJ|00000000|CIF|01
03|00000000000000015173|01|01|         1928|01|  33.45|N|    33.45|    33.45|00|00|00|00|00
02|01|00000000000000015179|01|01|20230314|00000000000000000000|00000000011111111111|RJ|21010410|RJ|00000000|CIF|01
03|00000000000000015179|01|01|         1430|01|  27.87|N|    27.87|    27.87|00|00|00|00|00
02|01|00000000000000015184|01|01|20230314|00000000000000000000|00000000011111111111|RJ|21010410|RJ|00000000|CIF|01
03|00000000000000015184|01|01|         1430|02|  27.87|N|    55.74|    55.74|00|00|00|00|00
02|01|00000000000000015188|01|01|20230315|00000000000000000000|00000000011111111111|RJ|21010410|RJ|00000000|CIF|01
03|00000000000000015188|01|01|         1430|02|  27.87|N|    55.74|    55.74|00|00|00|00|00
02|01|00000000000000015190|01|01|20230315|00000000000000000000|00000000011111111111|RJ|21010410|RJ|00000000|CIF|01
03|00000000000000015190|01|01|         1430|01|  27.87|N|    27.87|    27.87|00|00|00|00|00
02|01|00000000000000015196|01|01|20230315|00000000000000000000|00000000011111111111|RJ|21010410|RJ|00000000|CIF|01
03|00000000000000015196|01|01|         1429|02|   5.10|N|    10.20|    10.20|00|00|00|00|00
02|01|00000000000000015203|01|01|20230315|00000000000000000000|00000000011111111111|RJ|21010410|RJ|00000000|CIF|01
03|00000000000000015203|01|01|         1430|02|  27.87|N|    55.74|    55.74|00|00|00|00|00
02|01|00000000000000015218|01|01|20230316|00000000000000000000|00000000011111111111|RJ|21010410|RJ|00000000|CIF|01
03|00000000000000015218|01|01|         1430|10|  27.87|N|   278.70|   278.70|00|00|00|00|00
02|01|00000000000000015221|01|01|20230316|00000000000000000000|00000000011111111111|RJ|21010410|RJ|00000000|CIF|01
03|00000000000000015221|01|01|         1430|02|  27.87|N|    55.74|    55.74|00|00|00|00|00
02|01|00000000000000015222|01|01|20230316|00000000000000000000|00000000011111111111|RJ|21010410|RJ|00000000|CIF|01
03|00000000000000015222|01|01|         1430|02|  27.87|N|    55.74|    55.74|00|00|00|00|00
02|01|00000000000000015226|01|01|20230316|00000000000000000000|00000000011111111111|RJ|21010410|RJ|00000000|CIF|01
03|00000000000000015226|01|01|         1928|01|  33.45|N|    33.45|    33.45|00|00|00|00|00
02|01|00000000000000015229|01|01|20230316|00000000000000000000|00000000011111111111|RJ|21010410|RJ|00000000|CIF|01
03|00000000000000015229|01|01|         1429|01|   5.10|N|     5.10|     5.10|00|00|00|00|00
02|01|00000000000000015231|01|01|20230316|00000000000000000000|00000000011111111111|RJ|21010410|RJ|00000000|CIF|01
03|00000000000000015231|01|01|         1430|01|  27.29|N|    27.29|    27.29|00|00|00|00|00
02|01|00000000000000015236|01|01|20230316|00000000000000000000|00000000011111111111|RJ|21010410|RJ|00000000|CIF|01
02|01|00000000000000015236|01|01|20230316|00000000000000000000|00000000011111111111|RJ|21010410|RJ|00000000|CIF|01
03|00000000000000015236|01|01|        34933|01|   6.21|N|     6.21|     6.21|00|00|00|00|00
03|00000000000000015236|01|01|        34933|01|   6.21|N|     6.21|     6.21|00|00|00|00|00
02|01|00000000000000015243|01|01|20230316|00000000000000000000|00000000011111111111|RJ|21010410|RJ|00000000|CIF|01
02|01|00000000000000015243|01|01|20230316|00000000000000000000|00000000011111111111|RJ|21010410|RJ|00000000|CIF|01
03|00000000000000015243|01|01|         1429|20|   5.10|N|   102.00|   102.00|00|00|00|00|00
03|00000000000000015243|01|01|         3717|20|   5.44|N|   108.80|   108.80|00|00|00|00|00
02|01|00000000000000015244|01|01|20230317|00000000000000000000|00000000011111111111|RJ|21010410|RJ|00000000|CIF|01
02|01|00000000000000015244|01|01|20230317|00000000000000000000|00000000011111111111|RJ|21010410|RJ|00000000|CIF|01
03|00000000000000015244|01|01|         1430|01|  27.87|N|    27.87|    27.87|00|00|00|00|00
03|00000000000000015244|01|01|         1430|01|  27.87|N|    27.87|    27.87|00|00|00|00|00
02|01|00000000000000015247|01|01|20230317|00000000000000000000|00000000011111111111|RJ|21010410|RJ|00000000|CIF|01
03|00000000000000015247|01|01|         1430|01|  27.87|N|    27.87|    27.87|00|00|00|00|00
02|01|00000000000000015252|01|01|20230317|00000000000000000000|00000000011111111111|RJ|21010410|RJ|00000000|CIF|01
03|00000000000000015252|01|01|         3716|12|   5.44|N|    65.28|    65.28|00|00|00|00|00
02|01|00000000000000015253|01|01|20230317|00000000000000000000|00000000011111111111|RJ|21010410|RJ|00000000|CIF|01
02|01|00000000000000015253|01|01|20230317|00000000000000000000|00000000011111111111|RJ|21010410|RJ|00000000|CIF|01
03|00000000000000015253|01|01|          229|04|  31.44|N|   125.76|   125.76|00|00|00|00|00
03|00000000000000015253|01|01|          232|04|  31.44|N|   125.76|   125.76|00|00|00|00|00
02|01|00000000000000015255|01|01|20230317|00000000000000000000|00000000011111111111|RJ|21010410|RJ|00000000|CIF|01
03|00000000000000015255|01|01|         1430|01|  27.87|N|    27.87|    27.87|00|00|00|00|00
02|01|00000000000000015266|01|01|20230317|00000000000000000000|00000000011111111111|RJ|21010410|RJ|00000000|CIF|01
02|01|00000000000000015266|01|01|20230317|00000000000000000000|00000000011111111111|RJ|21010410|RJ|00000000|CIF|01
03|00000000000000015266|01|01|         1429|01|   4.34|N|     4.34|     4.34|00|00|00|00|00
03|00000000000000015266|01|01|         1430|01|  23.69|N|    23.69|    23.69|00|00|00|00|00
02|01|00000000000000015276|01|01|20230320|00000000000000000000|00000000011111111111|RJ|21010410|RJ|00000000|CIF|01
03|00000000000000015276|01|01|         1430|03|  27.87|N|    83.61|    83.61|00|00|00|00|00
02|01|00000000000000015287|01|01|20230320|00000000000000000000|00000000011111111111|RJ|21010410|RJ|00000000|CIF|01
03|00000000000000015287|01|01|         1430|02|  27.87|N|    55.74|    55.74|00|00|00|00|00
02|01|00000000000000015288|01|01|20230320|00000000000000000000|00000000011111111111|RJ|21010410|RJ|00000000|CIF|01
02|01|00000000000000015288|01|01|20230320|00000000000000000000|00000000011111111111|RJ|21010410|RJ|00000000|CIF|01
02|01|00000000000000015288|01|01|20230320|00000000000000000000|00000000011111111111|RJ|21010410|RJ|00000000|CIF|01
03|00000000000000015288|01|01|          229|01|  31.44|N|    31.44|    31.44|00|00|00|00|00
03|00000000000000015288|01|01|         1429|05|   5.10|N|    25.50|    25.50|00|00|00|00|00
03|00000000000000015288|01|01|         1429|25|   5.10|N|   127.50|   127.50|00|00|00|00|00
02|01|00000000000000015294|01|01|20230320|00000000000000000000|00000000011111111111|RJ|21010410|RJ|00000000|CIF|01
03|00000000000000015294|01|01|         1429|01|   5.10|N|     5.10|     5.10|00|00|00|00|00
02|01|00000000000000015296|01|01|20230321|00000000000000000000|00000000011111111111|RJ|21010410|RJ|00000000|CIF|01
03|00000000000000015296|01|01|         1928|01|  33.45|N|    33.45|    33.45|00|00|00|00|00
02|01|00000000000000015301|01|01|20230321|00000000000000000000|00000000011111111111|RJ|21010410|RJ|00000000|CIF|01
03|00000000000000015301|01|01|         1430|06|  27.87|N|   167.22|   167.22|00|00|00|00|00
02|01|00000000000000015302|01|01|20230321|00000000000000000000|00000000011111111111|RJ|21010410|RJ|00000000|CIF|01
03|00000000000000015302|01|01|         3076|01|  55.74|N|    55.74|    55.74|00|00|00|00|00
02|01|00000000000000015303|01|01|20230321|00000000000000000000|00000000011111111111|RJ|21010410|RJ|00000000|CIF|01
03|00000000000000015303|01|01|         3076|01|  55.74|N|    55.74|    55.74|00|00|00|00|00
02|01|00000000000000015310|01|01|20230321|00000000000000000000|00000000011111111111|RJ|21010410|RJ|00000000|CIF|01
03|00000000000000015310|01|01|         1430|01|  27.87|N|    27.87|    27.87|00|00|00|00|00
02|01|00000000000000015311|01|01|20230321|00000000000000000000|00000000011111111111|RJ|21010410|RJ|00000000|CIF|01
03|00000000000000015311|01|01|         1430|01|  27.87|N|    27.87|    27.87|00|00|00|00|00
02|01|00000000000000015313|01|01|20230321|00000000000000000000|00000000011111111111|RJ|21010410|RJ|00000000|CIF|01
03|00000000000000015313|01|01|         1430|02|  27.87|N|    55.74|    55.74|00|00|00|00|00
02|01|00000000000000015320|01|01|20230321|00000000000000000000|00000000011111111111|RJ|21010410|RJ|00000000|CIF|01
03|00000000000000015320|01|01|         1430|05|  27.87|N|   139.35|   139.35|00|00|00|00|00
02|01|00000000000000015321|01|01|20230321|00000000000000000000|00000000011111111111|RJ|21010410|RJ|00000000|CIF|01
03|00000000000000015321|01|01|         1430|10|  27.87|N|   278.70|   278.70|00|00|00|00|00
02|01|00000000000000015326|01|01|20230321|00000000000000000000|00000000011111111111|RJ|21010410|RJ|00000000|CIF|01
03|00000000000000015326|01|01|         1430|10|  27.87|N|   278.70|   278.70|00|00|00|00|00
02|01|00000000000000015328|01|01|20230322|00000000000000000000|00000000011111111111|RJ|21010410|RJ|00000000|CIF|01
03|00000000000000015328|01|01|         1430|02|  27.87|N|    55.74|    55.74|00|00|00|00|00
02|01|00000000000000015339|01|01|20230322|00000000000000000000|00000000011111111111|RJ|21010410|RJ|00000000|CIF|01
03|00000000000000015339|01|01|         1430|01|  27.87|N|    27.87|    27.87|00|00|00|00|00
02|01|00000000000000015348|01|01|20230322|00000000000000000000|00000000011111111111|RJ|21010410|RJ|00000000|CIF|01
03|00000000000000015348|01|01|         1430|01|  27.87|N|    27.87|    27.87|00|00|00|00|00
02|01|00000000000000015355|01|01|20230323|00000000000000000000|00000000011111111111|RJ|21010410|RJ|00000000|CIF|01
03|00000000000000015355|01|01|         1430|01|  27.87|N|    27.87|    27.87|00|00|00|00|00
02|01|00000000000000015359|01|01|20230323|00000000000000000000|00000000011111111111|RJ|21010410|RJ|00000000|CIF|01
02|01|00000000000000015359|01|01|20230323|00000000000000000000|00000000011111111111|RJ|21010410|RJ|00000000|CIF|01
02|01|00000000000000015359|01|01|20230323|00000000000000000000|00000000011111111111|RJ|21010410|RJ|00000000|CIF|01
03|00000000000000015359|01|01|          229|01|  31.44|N|    31.44|    31.44|00|00|00|00|00
03|00000000000000015359|01|01|         1429|03|   5.10|N|    15.30|    15.30|00|00|00|00|00
03|00000000000000015359|01|01|         3716|06|   5.44|N|    32.64|    32.64|00|00|00|00|00
02|01|00000000000000015361|01|01|20230323|00000000000000000000|00000000011111111111|RJ|21010410|RJ|00000000|CIF|01
03|00000000000000015361|01|01|         1430|10|  27.87|N|   278.70|   278.70|00|00|00|00|00
02|01|00000000000000015362|01|01|20230323|00000000000000000000|00000000011111111111|RJ|21010410|RJ|00000000|CIF|01
03|00000000000000015362|01|01|          232|01|  31.44|N|    31.44|    31.44|00|00|00|00|00
02|01|00000000000000015368|01|01|20230323|00000000000000000000|00000000011111111111|RJ|21010410|RJ|00000000|CIF|01
03|00000000000000015368|01|01|         4791|01|  66.89|N|    66.89|    66.89|00|00|00|00|00
02|01|00000000000000015370|01|01|20230323|00000000000000000000|00000000011111111111|RJ|21010410|RJ|00000000|CIF|01
03|00000000000000015370|01|01|         1429|01|   5.10|N|     5.10|     5.10|00|00|00|00|00
02|01|00000000000000015373|01|01|20230323|00000000000000000000|00000000011111111111|RJ|21010410|RJ|00000000|CIF|01
03|00000000000000015373|01|01|         1430|01|  27.87|N|    27.87|    27.87|00|00|00|00|00
02|01|00000000000000015375|01|01|20230324|00000000000000000000|00000000011111111111|RJ|21010410|RJ|00000000|CIF|01
03|00000000000000015375|01|01|         1430|10|  27.87|N|   278.70|   278.70|00|00|00|00|00
02|01|00000000000000015376|01|01|20230324|00000000000000000000|00000000011111111111|RJ|21010410|RJ|00000000|CIF|01
03|00000000000000015376|01|01|         1425|03|  31.85|N|    95.55|    95.55|00|00|00|00|00
02|01|00000000000000015377|01|01|20230324|00000000000000000000|00000000011111111111|RJ|21010410|RJ|00000000|CIF|01
03|00000000000000015377|01|01|         1429|01|   4.59|N|     4.59|     4.59|00|00|00|00|00
02|01|00000000000000015382|01|01|20230324|00000000000000000000|00000000011111111111|RJ|21010410|RJ|00000000|CIF|01
02|01|00000000000000015382|01|01|20230324|00000000000000000000|00000000011111111111|RJ|21010410|RJ|00000000|CIF|01
03|00000000000000015382|01|01|         1430|01|  27.87|N|    27.87|    27.87|00|00|00|00|00
03|00000000000000015382|01|01|         1430|01|  27.87|N|    27.87|    27.87|00|00|00|00|00
02|01|00000000000000015386|01|01|20230327|00000000000000000000|00000000011111111111|RJ|21010410|RJ|00000000|CIF|01
03|00000000000000015386|01|01|         1430|01|  27.87|N|    27.87|    27.87|00|00|00|00|00
02|01|00000000000000015395|01|01|20230327|00000000000000000000|00000000011111111111|RJ|21010410|RJ|00000000|CIF|01
03|00000000000000015395|01|01|         1430|50|  27.87|N|  1393.50|  1393.50|00|00|00|00|00
02|01|00000000000000015396|01|01|20230327|00000000000000000000|00000000011111111111|RJ|21010410|RJ|00000000|CIF|01
02|01|00000000000000015396|01|01|20230327|00000000000000000000|00000000011111111111|RJ|21010410|RJ|00000000|CIF|01
03|00000000000000015396|01|01|         1430|01|  25.08|N|    25.08|    25.08|00|00|00|00|00
03|00000000000000015396|01|01|         1430|03|  25.08|N|    75.25|    75.25|00|00|00|00|00
02|01|00000000000000015401|01|01|20230327|00000000000000000000|00000000011111111111|RJ|21010410|RJ|00000000|CIF|01
03|00000000000000015401|01|01|         1430|02|  27.87|N|    55.74|    55.74|00|00|00|00|00
02|01|00000000000000015406|01|01|20230327|00000000000000000000|00000000011111111111|RJ|21010410|RJ|00000000|CIF|01
03|00000000000000015406|01|01|         1429|01|   4.60|N|     4.60|     4.60|00|00|00|00|00
02|01|00000000000000015413|01|01|20230328|00000000000000000000|00000000011111111111|RJ|21010410|RJ|00000000|CIF|01
03|00000000000000015413|01|01|          228|09|  26.96|N|   242.64|   242.64|00|00|00|00|00
02|01|00000000000000015415|01|01|20230328|00000000000000000000|00000000011111111111|RJ|21010410|RJ|00000000|CIF|01
03|00000000000000015415|01|01|         1430|03|  27.87|N|    83.61|    83.61|00|00|00|00|00
02|01|00000000000000015424|01|01|20230328|00000000000000000000|00000000011111111111|RJ|21010410|RJ|00000000|CIF|01
03|00000000000000015424|01|01|         1430|10|  27.87|N|   278.70|   278.70|00|00|00|00|00
02|01|00000000000000015427|01|01|20230328|00000000000000000000|00000000011111111111|RJ|21010410|RJ|00000000|CIF|01
03|00000000000000015427|01|01|         1430|09|  27.78|N|   250.00|   250.00|00|00|00|00|00
02|01|00000000000000015438|01|01|20230329|00000000000000000000|00000000011111111111|RJ|21010410|RJ|00000000|CIF|01
03|00000000000000015438|01|01|         1430|10|  27.87|N|   278.70|   278.70|00|00|00|00|00
02|01|00000000000000015440|01|01|20230329|00000000000000000000|00000000011111111111|RJ|21010410|RJ|00000000|CIF|01
02|01|00000000000000015440|01|01|20230329|00000000000000000000|00000000011111111111|RJ|21010410|RJ|00000000|CIF|01
03|00000000000000015440|01|01|         1430|01|  27.87|N|    27.87|    27.87|00|00|00|00|00
03|00000000000000015440|01|01|         1430|01|  27.87|N|    27.87|    27.87|00|00|00|00|00
02|01|00000000000000015441|01|01|20230329|00000000000000000000|00000000011111111111|RJ|21010410|RJ|00000000|CIF|01
03|00000000000000015441|01|01|         1430|01|  27.87|N|    27.87|    27.87|00|00|00|00|00
02|01|00000000000000015445|01|01|20230329|00000000000000000000|00000000011111111111|RJ|21010410|RJ|00000000|CIF|01
03|00000000000000015445|01|01|         3076|01|  55.74|N|    55.74|    55.74|00|00|00|00|00
02|01|00000000000000015448|01|01|20230329|00000000000000000000|00000000011111111111|RJ|21010410|RJ|00000000|CIF|01
03|00000000000000015448|01|01|         1430|01|  27.87|N|    27.87|    27.87|00|00|00|00|00
02|01|00000000000000015456|01|01|20230329|00000000000000000000|00000000011111111111|RJ|21010410|RJ|00000000|CIF|01
03|00000000000000015456|01|01|         1430|03|  27.87|N|    83.61|    83.61|00|00|00|00|00
02|01|00000000000000015460|01|01|20230329|00000000000000000000|00000000011111111111|RJ|21010410|RJ|00000000|CIF|01
02|01|00000000000000015460|01|01|20230329|00000000000000000000|00000000011111111111|RJ|21010410|RJ|00000000|CIF|01
03|00000000000000015460|01|01|         1429|01|   5.10|N|     5.10|     5.10|00|00|00|00|00
03|00000000000000015460|01|01|         3717|01|   5.44|N|     5.44|     5.44|00|00|00|00|00
02|01|00000000000000015468|01|01|20230330|00000000000000000000|00000000011111111111|RJ|21010410|RJ|00000000|CIF|01
02|01|00000000000000015468|01|01|20230330|00000000000000000000|00000000011111111111|RJ|21010410|RJ|00000000|CIF|01
02|01|00000000000000015468|01|01|20230330|00000000000000000000|00000000011111111111|RJ|21010410|RJ|00000000|CIF|01
03|00000000000000015468|01|01|         1429|01|   5.10|N|     5.10|     5.10|00|00|00|00|00
03|00000000000000015468|01|01|         3716|01|   6.45|N|     6.45|     6.45|00|00|00|00|00
03|00000000000000015468|01|01|         3717|01|   6.45|N|     6.45|     6.45|00|00|00|00|00
02|01|00000000000000015471|01|01|20230330|00000000000000000000|00000000011111111111|RJ|21010410|RJ|00000000|CIF|01
03|00000000000000015471|01|01|         1425|03|  31.85|N|    95.55|    95.55|00|00|00|00|00
02|01|00000000000000015474|01|01|20230330|00000000000000000000|00000000011111111111|RJ|21010410|RJ|00000000|CIF|01
03|00000000000000015474|01|01|         4791|01|  66.89|N|    66.89|    66.89|00|00|00|00|00
02|01|00000000000000015475|01|01|20230330|00000000000000000000|00000000011111111111|RJ|21010410|RJ|00000000|CIF|01
03|00000000000000015475|01|01|         1430|01|  27.87|N|    27.87|    27.87|00|00|00|00|00
02|01|00000000000000015479|01|01|20230330|00000000000000000000|00000000011111111111|RJ|21010410|RJ|00000000|CIF|01
03|00000000000000015479|01|01|         4791|01|  66.89|N|    66.89|    66.89|00|00|00|00|00
02|01|00000000000000015484|01|01|20230331|00000000000000000000|00000000011111111111|RJ|21010410|RJ|00000000|CIF|01
02|01|00000000000000015484|01|01|20230331|00000000000000000000|00000000011111111111|RJ|21010410|RJ|00000000|CIF|01
03|00000000000000015484|01|01|         1430|01|  27.87|N|    27.87|    27.87|00|00|00|00|00
03|00000000000000015484|01|01|         1430|01|  27.87|N|    27.87|    27.87|00|00|00|00|00
02|01|00000000000000015489|01|01|20230331|00000000000000000000|00000000011111111111|RJ|21010410|RJ|00000000|CIF|01
03|00000000000000015489|01|01|         1430|03|  27.87|N|    83.61|    83.61|00|00|00|00|00
02|01|00000000000000015493|01|01|20230331|00000000000000000000|00000000011111111111|RJ|21010410|RJ|00000000|CIF|01
03|00000000000000015493|01|01|         1430|01|  27.87|N|    27.87|    27.87|00|00|00|00|00
02|01|00000000000000016599|01|01|20230316|00000000000000000000|00000000011111111111|RJ|21010410|RJ|00000000|CIF|01
03|00000000000000016599|01|01|         1430|06|  27.87|N|   167.22|   167.22|00|00|00|00|00
02|01|00000000000000019445|01|01|20230301|00000000000000000000|00000000000136416705|RJ|21010410|RJ|00000000|CIF|01
03|00000000000000019445|01|01|         1430|15|  21.90|N|  3285.00|  3285.00|00|00|00|00|00
02|01|00000000000000019446|01|01|20230301|00000000000000000000|00000020397310000107|RJ|21010410|RJ|00000000|CIF|01
03|00000000000000019446|01|01|         1430|10|  21.90|N|   219.00|   219.00|00|00|00|00|00
02|01|00000000000000019448|01|01|20230301|00000000000000000000|00000041040599000174|RJ|21010410|RJ|00000000|CIF|01
03|00000000000000019448|01|01|         1430|90|  21.60|N|  1944.00|  1944.00|00|00|00|00|00
02|01|00000000000000019450|01|01|20230301|00000000000000000000|00000003559520000127|RJ|21010410|RJ|00000000|CIF|01
03|00000000000000019450|01|01|         1430|10|  21.60|N|  2160.00|  2160.00|00|00|00|00|00
02|01|00000000000000019451|01|01|20230301|00000000000000000000|00000000323439000155|RJ|21010410|RJ|00000000|CIF|01
03|00000000000000019451|01|01|         1430|20|  21.80|N|  4360.00|  4360.00|00|00|00|00|00
02|01|00000000000000019453|01|01|20230301|00000000000000000000|00000012333768000166|RJ|21010410|RJ|00000000|CIF|01
03|00000000000000019453|01|01|         1430|10|  22.24|N|   222.40|   222.40|00|00|00|00|00
02|01|00000000000000019456|01|01|20230302|00000000000000000000|00000007095945000183|RJ|21010410|RJ|00000000|CIF|01
03|00000000000000019456|01|01|         1430|04|  32.80|N|   131.20|   131.20|00|00|00|00|00
02|01|00000000000000019457|01|01|20230302|00000000000000000000|00000018044251000133|RJ|21010410|RJ|00000000|CIF|01
03|00000000000000019457|01|01|         1430|10|  22.50|N|  2250.00|  2250.00|00|00|00|00|00
02|01|00000000000000019458|01|01|20230302|00000000000000000000|00000007564359000130|RJ|21010410|RJ|00000000|CIF|01
03|00000000000000019458|01|01|         1430|20|  19.50|N| 39000.00| 39000.00|00|00|00|00|00
02|01|00000000000000019459|01|01|20230302|00000000000000000000|00000000323439000155|RJ|21010410|RJ|00000000|CIF|01
03|00000000000000019459|01|01|         1430|20|  21.80|N|  4360.00|  4360.00|00|00|00|00|00
02|01|00000000000000019462|01|01|20230302|00000000000000000000|00000039251981000185|RJ|21010410|RJ|00000000|CIF|01
03|00000000000000019462|01|01|         1430|50|  24.16|N|  1208.00|  1208.00|00|00|00|00|00
02|01|00000000000000019463|01|01|20230302|00000000000000000000|00000032625852000160|RJ|21010410|RJ|00000000|CIF|01
03|00000000000000019463|01|01|         1430|50|  21.90|N|  1095.00|  1095.00|00|00|00|00|00
02|01|00000000000000019464|01|01|20230302|00000000000000000000|00000005622046000166|RJ|21010410|RJ|00000000|CIF|01
03|00000000000000019464|01|01|         1430|20|  24.16|N|   483.20|   483.20|00|00|00|00|00
02|01|00000000000000019466|01|01|20230302|00000000000000000000|00000006029385000104|RJ|21010410|RJ|00000000|CIF|01
03|00000000000000019466|01|01|         1430|20|  25.00|N|   500.00|   500.00|00|00|00|00|00
02|01|00000000000000019467|01|01|20230303|00000000000000000000|00000041109193000281|RJ|21010410|RJ|00000000|CIF|01
03|00000000000000019467|01|01|         1430|40|  24.16|N|   966.40|   966.40|00|00|00|00|00
02|01|00000000000000019470|01|01|20230303|00000000000000000000|00000000028503597772|RJ|21010410|RJ|00000000|CIF|01
03|00000000000000019470|01|01|         1430|10|  24.16|N|   241.60|   241.60|00|00|00|00|00
02|01|00000000000000019472|01|01|20230303|00000000000000000000|00000002203957000160|RJ|21010410|RJ|00000000|CIF|01
03|00000000000000019472|01|01|         1928|10|  38.84|N|   388.40|   388.40|00|00|00|00|00
02|01|00000000000000019479|01|01|20230306|00000000000000000000|00000000323439000155|RJ|21010410|RJ|00000000|CIF|01
03|00000000000000019479|01|01|         1430|20|  21.80|N|  4360.00|  4360.00|00|00|00|00|00
02|01|00000000000000019481|01|01|20230306|00000000000000000000|00000007673954000104|RJ|21010410|RJ|00000000|CIF|01
03|00000000000000019481|01|01|         1430|05|  28.90|N|   144.50|   144.50|00|00|00|00|00
02|01|00000000000000019482|01|01|20230306|00000000000000000000|00000003510189000150|RJ|21010410|RJ|00000000|CIF|01
03|00000000000000019482|01|01|         1430|10|  22.24|N|  2224.00|  2224.00|00|00|00|00|00
02|01|00000000000000019484|01|01|20230306|00000000000000000000|00000011314851000125|RJ|21010410|RJ|00000000|CIF|01
03|00000000000000019484|01|01|         3716|05|   5.61|N|    28.05|    28.05|00|00|00|00|00
02|01|00000000000000019489|01|01|20230306|00000000000000000000|00000010876637000108|RJ|21010410|RJ|00000000|CIF|01
03|00000000000000019489|01|01|         1430|32|  25.90|N|   828.80|   828.80|00|00|00|00|00
02|01|00000000000000019496|01|01|20230306|00000000000000000000|00000037234712000185|RJ|21010410|RJ|00000000|CIF|01
02|01|00000000000000019496|01|01|20230306|00000000000000000000|00000037234712000185|RJ|21010410|RJ|00000000|CIF|01
02|01|00000000000000019496|01|01|20230306|00000000000000000000|00000037234712000185|RJ|21010410|RJ|00000000|CIF|01
02|01|00000000000000019496|01|01|20230306|00000000000000000000|00000037234712000185|RJ|21010410|RJ|00000000|CIF|01
02|01|00000000000000019496|01|01|20230306|00000000000000000000|00000037234712000185|RJ|21010410|RJ|00000000|CIF|01
02|01|00000000000000019496|01|01|20230306|00000000000000000000|00000037234712000185|RJ|21010410|RJ|00000000|CIF|01
02|01|00000000000000019496|01|01|20230306|00000000000000000000|00000037234712000185|RJ|21010410|RJ|00000000|CIF|01
03|00000000000000019496|01|01|         1430|50|  21.90|N|  1095.00|  1095.00|00|00|00|00|00
03|00000000000000019496|01|01|         3713|10|   4.84|N|    48.40|    48.40|00|00|00|00|00
03|00000000000000019496|01|01|         3715|10|   4.84|N|    48.40|    48.40|00|00|00|00|00
03|00000000000000019496|01|01|         3716|10|   4.84|N|    48.40|    48.40|00|00|00|00|00
03|00000000000000019496|01|01|         3717|10|   4.84|N|    48.40|    48.40|00|00|00|00|00
03|00000000000000019496|01|01|         3746|10|   4.84|N|    48.40|    48.40|00|00|00|00|00
03|00000000000000019496|01|01|        32365|15|  15.43|N|   231.45|   231.45|00|00|00|00|00
02|01|00000000000000019497|01|01|20230306|00000000000000000000|00000001751533000178|RJ|21010410|RJ|00000000|CIF|01
03|00000000000000019497|01|01|         1430|10|  23.19|N|  2319.00|  2319.00|00|00|00|00|00
02|01|00000000000000019499|01|01|20230307|00000000000000000000|00000031173839000155|RJ|21010410|RJ|00000000|CIF|01
03|00000000000000019499|01|01|         1430|50|  22.24|N| 11120.00| 11120.00|00|00|00|00|00
02|01|00000000000000019502|01|01|20230307|00000000000000000000|00000044284889000151|RJ|21010410|RJ|00000000|CIF|01
03|00000000000000019502|01|01|         1430|20|  24.16|N|   483.20|   483.20|00|00|00|00|00
02|01|00000000000000019503|01|01|20230307|00000000000000000000|00000005120086000100|RJ|21010410|RJ|00000000|CIF|01
03|00000000000000019503|01|01|         1430|30|  21.90|N|  6570.00|  6570.00|00|00|00|00|00
02|01|00000000000000019506|01|01|20230307|00000000000000000000|00000000323439000155|RJ|21010410|RJ|00000000|CIF|01
03|00000000000000019506|01|01|         1430|20|  21.60|N|  4320.00|  4320.00|00|00|00|00|00
02|01|00000000000000019507|01|01|20230307|00000000000000000000|00000005622046000166|RJ|21010410|RJ|00000000|CIF|01
03|00000000000000019507|01|01|         1430|10|  23.19|N|  2319.00|  2319.00|00|00|00|00|00
02|01|00000000000000019508|01|01|20230307|00000000000000000000|00000029089460000110|RJ|21010410|RJ|00000000|CIF|01
03|00000000000000019508|01|01|         1430|10|  22.00|N|  2200.00|  2200.00|00|00|00|00|00
02|01|00000000000000019509|01|01|20230307|00000000000000000000|00000014213907000143|RJ|21010410|RJ|00000000|CIF|01
03|00000000000000019509|01|01|         1430|15|  21.90|N|  3285.00|  3285.00|00|00|00|00|00
02|01|00000000000000019510|01|01|20230307|00000000000000000000|00000002917249000191|RJ|21010410|RJ|00000000|CIF|01
03|00000000000000019510|01|01|         1430|10|  24.16|N|   241.60|   241.60|00|00|00|00|00
02|01|00000000000000019511|01|01|20230308|00000000000000000000|00000047563540000147|RJ|21010410|RJ|00000000|CIF|01
03|00000000000000019511|01|01|         1430|10|  24.16|N|   241.60|   241.60|00|00|00|00|00
02|01|00000000000000019523|01|01|20230309|00000000000000000000|00000000028299230497|RJ|21010410|RJ|00000000|CIF|01
03|00000000000000019523|01|01|         3398|30|  23.42|N|   702.60|   702.60|00|00|00|00|00
02|01|00000000000000019527|01|01|20230309|00000000000000000000|00000010560372000126|RJ|21010410|RJ|00000000|CIF|01
03|00000000000000019527|01|01|         1430|40|  24.16|N|   966.40|   966.40|00|00|00|00|00
02|01|00000000000000019529|01|01|20230309|00000000000000000000|00000010686262000105|RJ|21010410|RJ|00000000|CIF|01
03|00000000000000019529|01|01|         1430|10|  26.90|N|   269.00|   269.00|00|00|00|00|00
02|01|00000000000000019533|01|01|20230309|00000000000000000000|00000022023002000139|RJ|21010410|RJ|00000000|CIF|01
03|00000000000000019533|01|01|         1430|15|  22.24|N|  3336.00|  3336.00|00|00|00|00|00
02|01|00000000000000019536|01|02|20230310|00000000000000000000|00000016731862000124|RJ|21010410|RJ|00000000|CIF|01
02|01|00000000000000019536|01|02|20230329|00000000000000000000|00000016731862000124|RJ|21010410|RJ|00000000|CIF|01
03|00000000000000019536|01|02|         4791|65|  32.41|N|  2106.65|  2106.65|00|00|00|00|00
03|00000000000000019536|01|02|         4791|65|  32.41|N|  2106.65|  2106.65|00|00|00|00|00
02|01|00000000000000019539|01|01|20230310|00000000000000000000|00000000323439000155|RJ|21010410|RJ|00000000|CIF|01
03|00000000000000019539|01|01|         1430|20|  21.60|N|  4320.00|  4320.00|00|00|00|00|00
02|01|00000000000000019541|01|01|20230310|00000000000000000000|00000013369407000132|RJ|21010410|RJ|00000000|CIF|01
03|00000000000000019541|01|01|         1430|30|  23.19|N|   695.70|   695.70|00|00|00|00|00
02|01|00000000000000019547|01|01|20230313|00000000000000000000|00000000323439000155|RJ|21010410|RJ|00000000|CIF|01
03|00000000000000019547|01|01|         1430|20|  21.60|N|  4320.00|  4320.00|00|00|00|00|00
02|01|00000000000000019549|01|01|20230313|00000000000000000000|00000022065040000154|RJ|21010410|RJ|00000000|CIF|01
03|00000000000000019549|01|01|         1430|18|  24.16|N|   434.88|   434.88|00|00|00|00|00
02|01|00000000000000019550|01|01|20230313|00000000000000000000|00000001751533000178|RJ|21010410|RJ|00000000|CIF|01
03|00000000000000019550|01|01|         1430|50|  23.19|N|  1159.50|  1159.50|00|00|00|00|00
02|01|00000000000000019551|01|01|20230313|00000000000000000000|00000035772303000107|RJ|21010410|RJ|00000000|CIF|01
03|00000000000000019551|01|01|         1430|10|  24.16|N|   241.60|   241.60|00|00|00|00|00
02|01|00000000000000019553|01|01|20230313|00000000000000000000|00000027379123000131|RJ|21010410|RJ|00000000|CIF|01
03|00000000000000019553|01|01|         1430|10|  23.19|N|  2319.00|  2319.00|00|00|00|00|00
02|01|00000000000000019559|01|01|20230313|00000000000000000000|00000034748943000119|RJ|21010410|RJ|00000000|CIF|01
03|00000000000000019559|01|01|         1430|10|  22.24|N|  2224.00|  2224.00|00|00|00|00|00
02|01|00000000000000019560|01|01|20230314|00000000000000000000|00000000323439000155|RJ|21010410|RJ|00000000|CIF|01
03|00000000000000019560|01|01|         1430|20|  21.60|N|  4320.00|  4320.00|00|00|00|00|00
02|01|00000000000000019561|01|01|20230314|00000000000000000000|00000042476615000139|RJ|21010410|RJ|00000000|CIF|01
03|00000000000000019561|01|01|         1430|10|  27.87|N|   278.70|   278.70|00|00|00|00|00
02|01|00000000000000019562|01|01|20230314|00000000000000000000|00000034136556000121|RJ|21010410|RJ|00000000|CIF|01
03|00000000000000019562|01|01|         3076|15|  48.51|N|   727.65|   727.65|00|00|00|00|00
02|01|00000000000000019564|01|01|20230314|00000000000000000000|00000068644533000140|RJ|21010410|RJ|00000000|CIF|01
03|00000000000000019564|01|01|         1430|10|  23.99|N|   239.90|   239.90|00|00|00|00|00
02|01|00000000000000019568|01|01|20230314|00000000000000000000|00000037806512000150|RJ|21010410|RJ|00000000|CIF|01
03|00000000000000019568|01|01|         3716|50|   4.84|N|  2420.00|  2420.00|00|00|00|00|00
02|01|00000000000000019573|01|01|20230315|00000000000000000000|00000024531462000101|RJ|21010410|RJ|00000000|CIF|01
03|00000000000000019573|01|01|         1430|20|  26.90|N|   538.00|   538.00|00|00|00|00|00
02|01|00000000000000019575|01|01|20230315|00000000000000000000|00000001329282000138|RJ|21010410|RJ|00000000|CIF|01
03|00000000000000019575|01|01|         1430|10|  23.19|N|   231.90|   231.90|00|00|00|00|00
02|01|00000000000000019576|01|01|20230315|00000000000000000000|00000033059684000156|RJ|21010410|RJ|00000000|CIF|01
03|00000000000000019576|01|01|         1430|10|  27.87|N|   278.70|   278.70|00|00|00|00|00
02|01|00000000000000019577|01|01|20230315|00000000000000000000|00000000005552376722|RJ|21010410|RJ|00000000|CIF|01
03|00000000000000019577|01|01|         1430|20|  24.16|N|   483.20|   483.20|00|00|00|00|00
02|01|00000000000000019582|01|01|20230315|00000000000000000000|00000010436655000160|RJ|21010410|RJ|00000000|CIF|01
03|00000000000000019582|01|01|         1430|50|  22.50|N|  1125.00|  1125.00|00|00|00|00|00
02|01|00000000000000019584|01|01|20230315|00000000000000000000|00000000323439000155|RJ|21010410|RJ|00000000|CIF|01
03|00000000000000019584|01|01|         1430|20|  21.60|N|  4320.00|  4320.00|00|00|00|00|00
02|01|00000000000000019585|01|01|20230315|00000000000000000000|00000018235645000179|RJ|21010410|RJ|00000000|CIF|01
03|00000000000000019585|01|01|         1430|60|  24.00|N|  1440.00|  1440.00|00|00|00|00|00
02|01|00000000000000019587|01|01|20230315|00000000000000000000|00000005622093000100|RJ|21010410|RJ|00000000|CIF|01
03|00000000000000019587|01|01|         1430|20|  25.90|N|   518.00|   518.00|00|00|00|00|00
02|01|00000000000000019588|01|01|20230315|00000000000000000000|00000014731508000174|RJ|21010410|RJ|00000000|CIF|01
02|01|00000000000000019588|01|01|20230315|00000000000000000000|00000014731508000174|RJ|21010410|RJ|00000000|CIF|01
03|00000000000000019588|01|01|          229|01|  27.41|N|    27.41|    27.41|00|00|00|00|00
03|00000000000000019588|01|01|          232|01|  27.41|N|    27.41|    27.41|00|00|00|00|00
02|01|00000000000000019589|01|01|20230316|00000000000000000000|00000023073446000141|RJ|21010410|RJ|00000000|CIF|01
03|00000000000000019589|01|01|         1430|10|  26.90|N|   269.00|   269.00|00|00|00|00|00
02|01|00000000000000019590|01|01|20230316|00000000000000000000|00000046924648000155|RJ|21010410|RJ|00000000|CIF|01
03|00000000000000019590|01|01|         1430|30|  24.16|N|   724.80|   724.80|00|00|00|00|00
02|01|00000000000000019591|01|01|20230316|00000000000000000000|00000002751591000164|RJ|21010410|RJ|00000000|CIF|01
03|00000000000000019591|01|01|         1430|15|  21.50|N|  3225.00|  3225.00|00|00|00|00|00
02|01|00000000000000019594|01|01|20230316|00000000000000000000|00000002917249000191|RJ|21010410|RJ|00000000|CIF|01
03|00000000000000019594|01|01|         1430|10|  24.16|N|   241.60|   241.60|00|00|00|00|00
02|01|00000000000000019602|01|01|20230317|00000000000000000000|00000000323439000155|RJ|21010410|RJ|00000000|CIF|01
03|00000000000000019602|01|01|         1430|20|  21.60|N|  4320.00|  4320.00|00|00|00|00|00
02|01|00000000000000019603|01|01|20230317|00000000000000000000|00000040760752000175|RJ|21010410|RJ|00000000|CIF|01
03|00000000000000019603|01|01|         1430|10|  22.24|N|  2224.00|  2224.00|00|00|00|00|00
02|01|00000000000000019605|01|01|20230317|00000000000000000000|00000000482998000108|RJ|21010410|RJ|00000000|CIF|01
02|01|00000000000000019605|01|01|20230317|00000000000000000000|00000000482998000108|RJ|21010410|RJ|00000000|CIF|01
03|00000000000000019605|01|01|         1430|60|  24.16|N|  1449.60|  1449.60|00|00|00|00|00
03|00000000000000019605|01|01|         3076|10|  48.51|N|   485.10|   485.10|00|00|00|00|00
02|01|00000000000000019606|01|01|20230317|00000000000000000000|00000001815999000190|RJ|21010410|RJ|00000000|CIF|01
03|00000000000000019606|01|01|         1430|04|  27.87|N|   111.48|   111.48|00|00|00|00|00
02|01|00000000000000019608|01|01|20230317|00000000000000000000|00000041936491000164|RJ|21010410|RJ|00000000|CIF|01
03|00000000000000019608|01|01|         1429|05|   5.27|N|    26.35|    26.35|00|00|00|00|00
02|01|00000000000000019613|01|01|20230317|00000000000000000000|00000000482998000108|RJ|21010410|RJ|00000000|CIF|01
02|01|00000000000000019613|01|01|20230317|00000000000000000000|00000000482998000108|RJ|21010410|RJ|00000000|CIF|01
03|00000000000000019613|01|01|         1430|60|  24.16|N|  1449.60|  1449.60|00|00|00|00|00
03|00000000000000019613|01|01|         3076|10|  48.51|N|   485.10|   485.10|00|00|00|00|00
02|01|00000000000000019615|01|01|20230320|00000000000000000000|00000000323439000155|RJ|21010410|RJ|00000000|CIF|01
03|00000000000000019615|01|01|         1430|20|  21.60|N|  4320.00|  4320.00|00|00|00|00|00
02|01|00000000000000019616|01|01|20230320|00000000000000000000|00000022065040000154|RJ|21010410|RJ|00000000|CIF|01
03|00000000000000019616|01|01|         3076|04|  48.51|N|   194.04|   194.04|00|00|00|00|00
02|01|00000000000000019617|01|01|20230320|00000000000000000000|00000027843077000180|RJ|21010410|RJ|00000000|CIF|01
02|01|00000000000000019617|01|01|20230320|00000000000000000000|00000027843077000180|RJ|21010410|RJ|00000000|CIF|01
02|01|00000000000000019617|01|01|20230320|00000000000000000000|00000027843077000180|RJ|21010410|RJ|00000000|CIF|01
03|00000000000000019617|01|01|         1425|04|  27.72|N|   110.88|   110.88|00|00|00|00|00
03|00000000000000019617|01|01|         1430|50|  22.24|N|  1112.00|  1112.00|00|00|00|00|00
03|00000000000000019617|01|01|         1928|10|  29.09|N|   290.90|   290.90|00|00|00|00|00
02|01|00000000000000019623|01|01|20230321|00000000000000000000|00000018283401000161|RJ|21010410|RJ|00000000|CIF|01
03|00000000000000019623|01|01|         1430|10|  21.30|N| 21300.00| 21300.00|00|00|00|00|00
02|01|00000000000000019624|01|01|20230321|00000000000000000000|00000000323439000155|RJ|21010410|RJ|00000000|CIF|01
03|00000000000000019624|01|01|         1430|20|  21.60|N|  4320.00|  4320.00|00|00|00|00|00
02|01|00000000000000019628|01|01|20230321|00000000000000000000|00000000096571497700|RJ|21010410|RJ|00000000|CIF|01
03|00000000000000019628|01|01|         1430|15|  22.24|N|  3336.00|  3336.00|00|00|00|00|00
02|01|00000000000000019629|01|01|20230321|00000000000000000000|00000005622046000166|RJ|21010410|RJ|00000000|CIF|01
03|00000000000000019629|01|01|         1430|10|  23.19|N|  2319.00|  2319.00|00|00|00|00|00
02|01|00000000000000019631|01|01|20230321|00000000000000000000|00000000001631033727|RJ|21010410|RJ|00000000|CIF|01
03|00000000000000019631|01|01|         1430|10|  24.16|N|   241.60|   241.60|00|00|00|00|00
02|01|00000000000000019633|01|01|20230321|00000000000000000000|00000000089868250749|RJ|21010410|RJ|00000000|CIF|01
03|00000000000000019633|01|01|        34932|01|   6.68|N|     6.68|     6.68|00|00|00|00|00
02|01|00000000000000019634|01|01|20230321|00000000000000000000|00000000323439000155|RJ|21010410|RJ|00000000|CIF|01
03|00000000000000019634|01|01|         1430|20|  21.60|N|  4320.00|  4320.00|00|00|00|00|00
02|01|00000000000000019635|01|01|20230321|00000000000000000000|00000015360767000107|RJ|21010410|RJ|00000000|CIF|01
03|00000000000000019635|01|01|         1430|10|  21.50|N| 21500.00| 21500.00|00|00|00|00|00
02|01|00000000000000019637|01|01|20230321|00000000000000000000|00000009485924000108|RJ|21010410|RJ|00000000|CIF|01
03|00000000000000019637|01|01|         1430|10|  22.24|N|  2224.00|  2224.00|00|00|00|00|00
02|01|00000000000000019639|01|01|20230322|00000000000000000000|00000000323439000155|RJ|21010410|RJ|00000000|CIF|01
03|00000000000000019639|01|01|         1430|20|  21.60|N| 43200.00| 43200.00|00|00|00|00|00
02|01|00000000000000019640|01|01|20230322|00000000000000000000|00000000323439000155|RJ|21010410|RJ|00000000|CIF|01
03|00000000000000019640|01|01|         1430|20|  21.60|N|  4320.00|  4320.00|00|00|00|00|00
02|01|00000000000000019643|01|01|20230322|00000000000000000000|00000012593530000170|RJ|21010410|RJ|00000000|CIF|01
02|01|00000000000000019643|01|01|20230322|00000000000000000000|00000012593530000170|RJ|21010410|RJ|00000000|CIF|01
03|00000000000000019643|01|01|         1425|40|  27.72|N|  1108.80|  1108.80|00|00|00|00|00
03|00000000000000019643|01|01|         1430|30|  23.50|N|   705.00|   705.00|00|00|00|00|00
02|01|00000000000000019644|01|01|20230322|00000000000000000000|00000008390500000199|RJ|21010410|RJ|00000000|CIF|01
03|00000000000000019644|01|01|         1430|14|  21.90|N|  3066.00|  3066.00|00|00|00|00|00
02|01|00000000000000019645|01|01|20230322|00000000000000000000|00000030988604000159|RJ|21010410|RJ|00000000|CIF|01
03|00000000000000019645|01|01|         1430|10|  24.16|N|   241.60|   241.60|00|00|00|00|00
02|01|00000000000000019646|01|01|20230322|00000000000000000000|00000005088627000160|RJ|21010410|RJ|00000000|CIF|01
03|00000000000000019646|01|01|         1430|15|  24.16|N|   362.40|   362.40|00|00|00|00|00
02|01|00000000000000019647|01|01|20230322|00000000000000000000|00000033102542000124|RJ|21010410|RJ|00000000|CIF|01
02|01|00000000000000019647|01|01|20230322|00000000000000000000|00000033102542000124|RJ|21010410|RJ|00000000|CIF|01
02|01|00000000000000019647|01|01|20230322|00000000000000000000|00000033102542000124|RJ|21010410|RJ|00000000|CIF|01
03|00000000000000019647|01|01|         3715|25|   5.38|N|  1345.00|  1345.00|00|00|00|00|00
03|00000000000000019647|01|01|         3746|25|   5.38|N|  1345.00|  1345.00|00|00|00|00|00
03|00000000000000019647|01|01|        34932|50|   6.39|N|  3195.00|  3195.00|00|00|00|00|00
02|01|00000000000000019649|01|01|20230322|00000000000000000000|00000039251981000185|RJ|21010410|RJ|00000000|CIF|01
03|00000000000000019649|01|01|         1430|10|  22.24|N|  2224.00|  2224.00|00|00|00|00|00
02|01|00000000000000019651|01|01|20230323|00000000000000000000|00000031173839000155|RJ|21010410|RJ|00000000|CIF|01
03|00000000000000019651|01|01|         1430|50|  21.90|N| 10950.00| 10950.00|00|00|00|00|00
02|01|00000000000000019652|01|01|20230323|00000000000000000000|00000012935241000616|RJ|21010410|RJ|00000000|CIF|01
03|00000000000000019652|01|01|         1430|10|  26.90|N|   269.00|   269.00|00|00|00|00|00
02|01|00000000000000019653|01|01|20230323|00000000000000000000|00000012935241000292|RJ|21010410|RJ|00000000|CIF|01
03|00000000000000019653|01|01|         1430|10|  26.90|N|   269.00|   269.00|00|00|00|00|00
02|01|00000000000000019655|01|01|20230323|00000000000000000000|00000000482998000108|RJ|21010410|RJ|00000000|CIF|01
02|01|00000000000000019655|01|01|20230323|00000000000000000000|00000000482998000108|RJ|21010410|RJ|00000000|CIF|01
03|00000000000000019655|01|01|         1430|60|  24.16|N|  1449.60|  1449.60|00|00|00|00|00
03|00000000000000019655|01|01|         3076|15|  48.51|N|   727.65|   727.65|00|00|00|00|00
02|01|00000000000000019657|01|01|20230323|00000000000000000000|00000021771023000170|RJ|21010410|RJ|00000000|CIF|01
03|00000000000000019657|01|01|         1430|10|  21.90|N|  2190.00|  2190.00|00|00|00|00|00
02|01|00000000000000019658|01|01|20230323|00000000000000000000|00000001751533000178|RJ|21010410|RJ|00000000|CIF|01
03|00000000000000019658|01|01|         1430|50|  23.19|N|  1159.50|  1159.50|00|00|00|00|00
02|01|00000000000000019660|01|02|20230323|00000000000000000000|00000016731862000124|RJ|21010410|RJ|00000000|CIF|01
02|01|00000000000000019660|01|02|20230323|00000000000000000000|00000016731862000124|RJ|21010410|RJ|00000000|CIF|01
03|00000000000000019660|01|02|         1928|85|  17.81|N|  1513.85|  1513.85|00|00|00|00|00
03|00000000000000019660|01|02|         3123|30|  12.76|N|   382.80|   382.80|00|00|00|00|00
02|01|00000000000000019661|01|01|20230323|00000000000000000000|00000000001800594755|RJ|21010410|RJ|00000000|CIF|01
03|00000000000000019661|01|01|         3077|05|  29.61|N|   148.05|   148.05|00|00|00|00|00
02|01|00000000000000019663|01|01|20230324|00000000000000000000|00000000000842384707|RJ|21010410|RJ|00000000|CIF|01
03|00000000000000019663|01|01|         1430|50|  23.19|N|  1159.50|  1159.50|00|00|00|00|00
02|01|00000000000000019664|01|01|20230324|00000000000000000000|00000000323439000155|RJ|21010410|RJ|00000000|CIF|01
03|00000000000000019664|01|01|         1430|20|  21.60|N|  4320.00|  4320.00|00|00|00|00|00
02|01|00000000000000019665|01|01|20230324|00000000000000000000|00000000323439000155|RJ|21010410|RJ|00000000|CIF|01
03|00000000000000019665|01|01|         1430|20|  21.60|N|  4320.00|  4320.00|00|00|00|00|00
02|01|00000000000000019666|01|01|20230324|00000000000000000000|00000023546457000100|RJ|21010410|RJ|00000000|CIF|01
02|01|00000000000000019666|01|01|20230324|00000000000000000000|00000023546457000100|RJ|21010410|RJ|00000000|CIF|01
02|01|00000000000000019666|01|01|20230324|00000000000000000000|00000023546457000100|RJ|21010410|RJ|00000000|CIF|01
02|01|00000000000000019666|01|01|20230324|00000000000000000000|00000023546457000100|RJ|21010410|RJ|00000000|CIF|01
03|00000000000000019666|01|01|         3715|10|   5.63|N|    56.30|    56.30|00|00|00|00|00
03|00000000000000019666|01|01|         3716|10|   5.63|N|    56.30|    56.30|00|00|00|00|00
03|00000000000000019666|01|01|         3717|10|   5.63|N|    56.30|    56.30|00|00|00|00|00
03|00000000000000019666|01|01|         3746|10|   5.63|N|    56.30|    56.30|00|00|00|00|00
02|01|00000000000000019668|01|02|20230324|00000000000000000000|00000016731862000124|RJ|21010410|RJ|00000000|CIF|01
03|00000000000000019668|01|02|         1928|15|  17.81|N|   267.15|   267.15|00|00|00|00|00
02|01|00000000000000019670|01|01|20230324|00000000000000000000|00000001329282000138|RJ|21010410|RJ|00000000|CIF|01
03|00000000000000019670|01|01|         1430|10|  24.16|N|   241.60|   241.60|00|00|00|00|00
02|01|00000000000000019672|01|01|20230324|00000000000000000000|00000031202963000100|RJ|21010410|RJ|00000000|CIF|01
03|00000000000000019672|01|01|         1430|20|  24.16|N|   483.20|   483.20|00|00|00|00|00
02|01|00000000000000019673|01|01|20230324|00000000000000000000|00000011314851000125|RJ|21010410|RJ|00000000|CIF|01
03|00000000000000019673|01|01|         1430|10|  24.16|N|   241.60|   241.60|00|00|00|00|00
02|01|00000000000000019675|01|01|20230324|00000000000000000000|00000022917406000176|RJ|21010410|RJ|00000000|CIF|01
03|00000000000000019675|01|01|         1430|30|  24.16|N|   724.80|   724.80|00|00|00|00|00
02|01|00000000000000019676|01|01|20230324|00000000000000000000|00000027379123000131|RJ|21010410|RJ|00000000|CIF|01
03|00000000000000019676|01|01|         1430|50|  23.19|N|  1159.50|  1159.50|00|00|00|00|00
02|01|00000000000000019679|01|01|20230324|00000000000000000000|00000030454803000187|RJ|21010410|RJ|00000000|CIF|01
03|00000000000000019679|01|01|         1430|10|  26.90|N|   269.00|   269.00|00|00|00|00|00
02|01|00000000000000019681|01|01|20230327|00000000000000000000|00000000018071155772|RJ|21010410|RJ|00000000|CIF|01
02|01|00000000000000019681|01|01|20230327|00000000000000000000|00000000018071155772|RJ|21010410|RJ|00000000|CIF|01
02|01|00000000000000019681|01|01|20230327|00000000000000000000|00000000018071155772|RJ|21010410|RJ|00000000|CIF|01
03|00000000000000019681|01|01|          228|01|  26.96|N|    26.96|    26.96|00|00|00|00|00
03|00000000000000019681|01|01|          232|01|  31.44|N|    31.44|    31.44|00|00|00|00|00
03|00000000000000019681|01|01|         1430|01|  27.87|N|    27.87|    27.87|00|00|00|00|00
02|01|00000000000000019683|01|01|20230327|00000000000000000000|00000014756893000104|RJ|21010410|RJ|00000000|CIF|01
03|00000000000000019683|01|01|         1430|10|  19.85|N| 19850.00| 19850.00|00|00|00|00|00
02|01|00000000000000019687|01|01|20230327|00000000000000000000|00000041040599000174|RJ|21010410|RJ|00000000|CIF|01
03|00000000000000019687|01|01|         1430|80|  24.16|N|  1932.80|  1932.80|00|00|00|00|00
02|01|00000000000000019688|01|01|20230327|00000000000000000000|00000040216947000159|RJ|21010410|RJ|00000000|CIF|01
03|00000000000000019688|01|01|         1430|30|  24.16|N|   724.80|   724.80|00|00|00|00|00
02|01|00000000000000019689|01|01|20230327|00000000000000000000|00000005622093000100|RJ|21010410|RJ|00000000|CIF|01
03|00000000000000019689|01|01|         1430|20|  24.90|N|   498.00|   498.00|00|00|00|00|00
02|01|00000000000000019690|01|01|20230327|00000000000000000000|00000041936491000164|RJ|21010410|RJ|00000000|CIF|01
03|00000000000000019690|01|01|         1430|05|  24.16|N|   120.80|   120.80|00|00|00|00|00
02|01|00000000000000019703|01|01|20230328|00000000000000000000|00000028442602000118|RJ|21010410|RJ|00000000|CIF|01
03|00000000000000019703|01|01|         1430|01|  27.87|N|    27.87|    27.87|00|00|00|00|00
02|01|00000000000000019704|01|01|20230328|00000000000000000000|00000046458868000130|RJ|21010410|RJ|00000000|CIF|01
03|00000000000000019704|01|01|         1430|01|  24.16|N|    24.16|    24.16|00|00|00|00|00
02|01|00000000000000019708|01|01|20230328|00000000000000000000|00000000323439000155|RJ|21010410|RJ|00000000|CIF|01
03|00000000000000019708|01|01|         1430|20|  21.60|N|  4320.00|  4320.00|00|00|00|00|00
02|01|00000000000000019709|01|01|20230328|00000000000000000000|00000031202963000100|RJ|21010410|RJ|00000000|CIF|01
03|00000000000000019709|01|01|         1430|10|  24.16|N|   241.60|   241.60|00|00|00|00|00
02|01|00000000000000019710|01|02|20230328|00000000000000000000|00000016731862000124|RJ|21010410|RJ|00000000|CIF|01
03|00000000000000019710|01|02|         1425|20|  15.43|N|   308.60|   308.60|00|00|00|00|00
02|01|00000000000000019721|01|01|20230329|00000000000000000000|00000006347956000140|RJ|21010410|RJ|00000000|CIF|01
03|00000000000000019721|01|01|         1430|50|  22.64|N|  1132.00|  1132.00|00|00|00|00|00
02|01|00000000000000019723|01|01|20230329|00000000000000000000|00000008228656000178|RJ|21010410|RJ|00000000|CIF|01
03|00000000000000019723|01|01|         1430|20|  21.60|N|  4320.00|  4320.00|00|00|00|00|00
02|01|00000000000000019724|01|01|20230329|00000000000000000000|00000026682970000108|RJ|21010410|RJ|00000000|CIF|01
03|00000000000000019724|01|01|         1430|10|  22.24|N|  2224.00|  2224.00|00|00|00|00|00
02|01|00000000000000019725|01|01|20230329|00000000000000000000|00000039777776000158|RJ|21010410|RJ|00000000|CIF|01
02|01|00000000000000019725|01|01|20230329|00000000000000000000|00000039777776000158|RJ|21010410|RJ|00000000|CIF|01
02|01|00000000000000019725|01|01|20230329|00000000000000000000|00000039777776000158|RJ|21010410|RJ|00000000|CIF|01
02|01|00000000000000019725|01|01|20230329|00000000000000000000|00000039777776000158|RJ|21010410|RJ|00000000|CIF|01
02|01|00000000000000019725|01|01|20230329|00000000000000000000|00000039777776000158|RJ|21010410|RJ|00000000|CIF|01
03|00000000000000019725|01|01|          229|02|  27.42|N|    54.84|    54.84|00|00|00|00|00
03|00000000000000019725|01|01|          231|02|  27.42|N|    54.84|    54.84|00|00|00|00|00
03|00000000000000019725|01|01|          232|02|  27.42|N|    54.84|    54.84|00|00|00|00|00
03|00000000000000019725|01|01|         1430|10|  21.00|N|   210.00|   210.00|00|00|00|00|00
03|00000000000000019725|01|01|         3123|02|  27.42|N|    54.84|    54.84|00|00|00|00|00
02|01|00000000000000019726|01|01|20230330|00000000000000000000|00000012508777000140|RJ|21010410|RJ|00000000|CIF|01
03|00000000000000019726|01|01|         1430|50|  21.90|N| 10950.00| 10950.00|00|00|00|00|00
02|01|00000000000000019729|01|01|20230330|00000000000000000000|00000041936491000164|RJ|21010410|RJ|00000000|CIF|01
03|00000000000000019729|01|01|         1429|03|   5.27|N|    15.81|    15.81|00|00|00|00|00
02|01|00000000000000019730|01|01|20230330|00000000000000000000|00000027843077000180|RJ|21010410|RJ|00000000|CIF|01
02|01|00000000000000019730|01|01|20230330|00000000000000000000|00000027843077000180|RJ|21010410|RJ|00000000|CIF|01
03|00000000000000019730|01|01|         1429|50|   5.27|N|   263.50|   263.50|00|00|00|00|00
03|00000000000000019730|01|01|         3077|05|  28.62|N|   143.10|   143.10|00|00|00|00|00
02|01|00000000000000019732|01|01|20230330|00000000000000000000|00000000323439000155|RJ|21010410|RJ|00000000|CIF|01
03|00000000000000019732|01|01|         1430|20|  21.60|N|  4320.00|  4320.00|00|00|00|00|00
02|01|00000000000000019736|01|01|20230330|00000000000000000000|00000011314851000125|RJ|21010410|RJ|00000000|CIF|01
03|00000000000000019736|01|01|         1429|50|   5.27|N|   263.50|   263.50|00|00|00|00|00
02|01|00000000000000019739|01|01|20230330|00000000000000000000|00000005120086000100|RJ|21010410|RJ|00000000|CIF|01
03|00000000000000019739|01|01|         1430|20|  21.00|N|  4200.00|  4200.00|00|00|00|00|00
02|01|00000000000000019740|01|01|20230330|00000000000000000000|00000018283401000161|RJ|21010410|RJ|00000000|CIF|01
02|01|00000000000000019740|01|01|20230330|00000000000000000000|00000018283401000161|RJ|21010410|RJ|00000000|CIF|01
03|00000000000000019740|01|01|         1430|10|  21.30|N| 21300.00| 21300.00|00|00|00|00|00
03|00000000000000019740|01|01|         3076|15|  48.51|N|   727.65|   727.65|00|00|00|00|00
02|01|00000000000000019746|01|01|20230331|00000000000000000000|00000033474065000128|RJ|21010410|RJ|00000000|CIF|01
03|00000000000000019746|01|01|         1430|30|  25.00|N|   750.00|   750.00|00|00|00|00|00
02|01|00000000000000019751|01|01|20230331|00000000000000000000|00000002751591000164|RJ|21010410|RJ|00000000|CIF|01
03|00000000000000019751|01|01|         1430|20|  21.50|N|  4300.00|  4300.00|00|00|00|00|00
02|01|00000000000000019753|01|01|20230331|00000000000000000000|00000030301052000169|RJ|21010410|RJ|00000000|CIF|01
03|00000000000000019753|01|01|          231|10|  27.41|N|   274.10|   274.10|00|00|00|00|00
02|01|00000000000000019755|01|01|20230331|00000000000000000000|00000009582478000141|RJ|21010410|RJ|00000000|CIF|01
03|00000000000000019755|01|01|         1430|30|  22.24|N|  6672.00|  6672.00|00|00|00|00|00
02|01|00000000000000019756|01|01|20230331|00000000000000000000|00000033145061000104|RJ|21010410|RJ|00000000|CIF|01
03|00000000000000019756|01|01|         1430|20|  21.50|N|  4300.00|  4300.00|00|00|00|00|00
02|01|00000000000000019757|01|01|20230331|00000000000000000000|00000033102542000124|RJ|21010410|RJ|00000000|CIF|01
02|01|00000000000000019757|01|01|20230331|00000000000000000000|00000033102542000124|RJ|21010410|RJ|00000000|CIF|01
03|00000000000000019757|01|01|         3716|25|   5.38|N|  1345.00|  1345.00|00|00|00|00|00
03|00000000000000019757|01|01|         3717|25|   5.38|N|  1345.00|  1345.00|00|00|00|00|00
02|01|00000000000000019758|01|01|20230331|00000000000000000000|00000007095945000183|RJ|21010410|RJ|00000000|CIF|01
03|00000000000000019758|01|01|         1430|02|  35.50|N|    71.00|    71.00|00|00|00|00|00
02|01|00000000000000019759|01|01|20230331|00000000000000000000|00000047292532000103|RJ|21010410|RJ|00000000|CIF|01
03|00000000000000019759|01|01|          231|12|  27.41|N|   328.92|   328.92|00|00|00|00|00
02|01|00000000000000019760|01|01|20230331|00000000000000000000|00000013369407000132|RJ|21010410|RJ|00000000|CIF|01
03|00000000000000019760|01|01|         1430|50|  22.24|N|  1112.00|  1112.00|00|00|00|00|00
02|01|00000000000000019762|01|01|20230331|00000000000000000000|00000012388737000102|RJ|21010410|RJ|00000000|CIF|01
03|00000000000000019762|01|01|         1430|20|  21.50|N|  4300.00|  4300.00|00|00|00|00|00
02|01|00000000000000019763|01|01|20230331|00000000000000000000|00000031173839000155|RJ|21010410|RJ|00000000|CIF|01
03|00000000000000019763|01|01|         1430|50|  21.50|N| 10750.00| 10750.00|00|00|00|00|00
02|01|00000000000000019764|01|01|20230331|00000000000000000000|00000027379123000131|RJ|21010410|RJ|00000000|CIF|01
03|00000000000000019764|01|01|         1430|20|  21.50|N|  4300.00|  4300.00|00|00|00|00|00

