01|VENDAS|050||202303220230|20230322|20230322|22013079000128|07216054000138
02|01|00000000000000013818|01|01|20230102|00000000000000000000|00000000011111111111|RJ|21010410|RJ|00000000|CIF|01
03|00000000000000013818|01|01|         1430|0000000003|  27.60|N|    82.80|    82.80|00|00|00|00|00
02|01|00000000000000013819|01|01|20230102|00000000000000000000|00000000011111111111|RJ|21010410|RJ|00000000|CIF|01
03|00000000000000013819|01|01|         1430|0000000001|  27.60|N|    27.60|    27.60|00|00|00|00|00
02|01|00000000000000013822|01|01|20230102|00000000000000000000|00000000011111111111|RJ|21010410|RJ|00000000|CIF|01
03|00000000000000013822|01|01|         1429|0000000001|   5.10|N|     5.10|     5.10|00|00|00|00|00
02|01|00000000000000013839|01|01|20230102|00000000000000000000|00000000011111111111|RJ|21010410|RJ|00000000|CIF|01
02|01|00000000000000013839|01|01|20230102|00000000000000000000|00000000011111111111|RJ|21010410|RJ|00000000|CIF|01
03|00000000000000013839|01|01|         1425|0000000010|  28.80|N|   288.00|   288.00|00|00|00|00|00
03|00000000000000013839|01|01|         1928|0000000010|  30.24|N|   302.40|   302.40|00|00|00|00|00
02|01|00000000000000013846|01|01|20230102|00000000000000000000|00000000011111111111|RJ|21010410|RJ|00000000|CIF|01
03|00000000000000013846|01|01|         1430|0000000001|  26.22|N|    26.22|    26.22|00|00|00|00|00
02|01|00000000000000013847|01|01|20230103|00000000000000000000|00000000011111111111|RJ|21010410|RJ|00000000|CIF|01
03|00000000000000013847|01|01|         1430|0000000001|  27.60|N|    27.60|    27.60|00|00|00|00|00
02|01|00000000000000013849|01|01|20230103|00000000000000000000|00000000011111111111|RJ|21010410|RJ|00000000|CIF|01
03|00000000000000013849|01|01|         1430|0000000001|  27.60|N|    27.60|    27.60|00|00|00|00|00
02|01|00000000000000013856|01|01|20230103|00000000000000000000|00000000011111111111|RJ|21010410|RJ|00000000|CIF|01
03|00000000000000013856|01|01|         1430|0000000001|  27.60|N|    27.60|    27.60|00|00|00|00|00
02|01|00000000000000013860|01|01|20230103|00000000000000000000|00000000011111111111|RJ|21010410|RJ|00000000|CIF|01
03|00000000000000013860|01|01|         1430|0000000002|  27.60|N|    55.20|    55.20|00|00|00|00|00
02|01|00000000000000013869|01|01|20230104|00000000000000000000|00000000011111111111|RJ|21010410|RJ|00000000|CIF|01
03|00000000000000013869|01|01|         1430|0000000002|  27.60|N|    55.20|    55.20|00|00|00|00|00
02|01|00000000000000013871|01|01|20230104|00000000000000000000|00000000011111111111|RJ|21010410|RJ|00000000|CIF|01
03|00000000000000013871|01|01|         1430|0000000001|  27.60|N|    27.60|    27.60|00|00|00|00|00
02|01|00000000000000013874|01|01|20230104|00000000000000000000|00000000011111111111|RJ|21010410|RJ|00000000|CIF|01
03|00000000000000013874|01|01|         1425|0000000002|  28.80|N|    57.60|    57.60|00|00|00|00|00
02|01|00000000000000013879|01|01|20230104|00000000000000000000|00000000011111111111|RJ|21010410|RJ|00000000|CIF|01
03|00000000000000013879|01|01|         1425|0000000005|  28.80|N|   144.00|   144.00|00|00|00|00|00
02|01|00000000000000013898|01|01|20230104|00000000000000000000|00000000011111111111|RJ|21010410|RJ|00000000|CIF|01
03|00000000000000013898|01|01|         1429|0000000002|   5.10|N|    10.20|    10.20|00|00|00|00|00
02|01|00000000000000013904|01|01|20230104|00000000000000000000|00000000011111111111|RJ|21010410|RJ|00000000|CIF|01
03|00000000000000013904|01|01|         1430|0000000001|  27.60|N|    27.60|    27.60|00|00|00|00|00
02|01|00000000000000013922|01|01|20230105|00000000000000000000|00000000011111111111|RJ|21010410|RJ|00000000|CIF|01
03|00000000000000013922|01|01|         1430|0000000002|  27.60|N|    55.20|    55.20|00|00|00|00|00
02|01|00000000000000013933|01|01|20230105|00000000000000000000|00000000011111111111|RJ|21010410|RJ|00000000|CIF|01
03|00000000000000013933|01|01|         1430|0000000002|  27.60|N|    55.20|    55.20|00|00|00|00|00
02|01|00000000000000013935|01|01|20230105|00000000000000000000|00000000011111111111|RJ|21010410|RJ|00000000|CIF|01
03|00000000000000013935|01|01|         1430|0000000001|  27.60|N|    27.60|    27.60|00|00|00|00|00
02|01|00000000000000013945|01|01|20230106|00000000000000000000|00000000011111111111|RJ|21010410|RJ|00000000|CIF|01
03|00000000000000013945|01|01|         1430|0000000001|  27.60|N|    27.60|    27.60|00|00|00|00|00
02|01|00000000000000013954|01|01|20230106|00000000000000000000|00000000011111111111|RJ|21010410|RJ|00000000|CIF|01
03|00000000000000013954|01|01|         1430|0000000001|  27.60|N|    27.60|    27.60|00|00|00|00|00
02|01|00000000000000013955|01|01|20230106|00000000000000000000|00000000011111111111|RJ|21010410|RJ|00000000|CIF|01
03|00000000000000013955|01|01|         1430|0000000020|  27.60|N|   552.00|   552.00|00|00|00|00|00
02|01|00000000000000013959|01|01|20230106|00000000000000000000|00000000011111111111|RJ|21010410|RJ|00000000|CIF|01
02|01|00000000000000013959|01|01|20230106|00000000000000000000|00000000011111111111|RJ|21010410|RJ|00000000|CIF|01
02|01|00000000000000013959|01|01|20230106|00000000000000000000|00000000011111111111|RJ|21010410|RJ|00000000|CIF|01
03|00000000000000013959|01|01|          228|0000000001|  24.27|N|    24.27|    24.27|00|00|00|00|00
03|00000000000000013959|01|01|          232|0000000001|  24.26|N|    24.26|    24.26|00|00|00|00|00
03|00000000000000013959|01|01|         3123|0000000001|  24.22|N|    24.22|    24.22|00|00|00|00|00
02|01|00000000000000013967|01|01|20230106|00000000000000000000|00000000011111111111|RJ|21010410|RJ|00000000|CIF|01
03|00000000000000013967|01|01|         1429|0000000002|   5.10|N|    10.20|    10.20|00|00|00|00|00
02|01|00000000000000013971|01|01|20230109|00000000000000000000|00000000011111111111|RJ|21010410|RJ|00000000|CIF|01
03|00000000000000013971|01|01|         1430|0000000002|  27.60|N|    55.20|    55.20|00|00|00|00|00
02|01|00000000000000013973|01|01|20230109|00000000000000000000|00000000011111111111|RJ|21010410|RJ|00000000|CIF|01
03|00000000000000013973|01|01|         1430|0000000002|  27.60|N|    55.20|    55.20|00|00|00|00|00
02|01|00000000000000013985|01|01|20230109|00000000000000000000|00000000011111111111|RJ|21010410|RJ|00000000|CIF|01
03|00000000000000013985|01|01|         1430|0000000001|  27.60|N|    27.60|    27.60|00|00|00|00|00
02|01|00000000000000013996|01|01|20230110|00000000000000000000|00000000011111111111|RJ|21010410|RJ|00000000|CIF|01
02|01|00000000000000013996|01|01|20230110|00000000000000000000|00000000011111111111|RJ|21010410|RJ|00000000|CIF|01
03|00000000000000013996|01|01|         1928|0000000001|  30.24|N|    30.24|    30.24|00|00|00|00|00
03|00000000000000013996|01|01|         4791|0000000001|  59.36|N|    59.36|    59.36|00|00|00|00|00
02|01|00000000000000013998|01|01|20230110|00000000000000000000|00000000011111111111|RJ|21010410|RJ|00000000|CIF|01
03|00000000000000013998|01|01|         1430|0000000002|  27.60|N|    55.20|    55.20|00|00|00|00|00
02|01|00000000000000014000|01|01|20230110|00000000000000000000|00000000011111111111|RJ|21010410|RJ|00000000|CIF|01
03|00000000000000014000|01|01|         1430|0000000001|  27.60|N|    27.60|    27.60|00|00|00|00|00
02|01|00000000000000014017|01|01|20230110|00000000000000000000|00000000011111111111|RJ|21010410|RJ|00000000|CIF|01
03|00000000000000014017|01|01|         1430|0000000010|  27.60|N|   276.00|   276.00|00|00|00|00|00
02|01|00000000000000014020|01|01|20230110|00000000000000000000|00000000011111111111|RJ|21010410|RJ|00000000|CIF|01
02|01|00000000000000014020|01|01|20230110|00000000000000000000|00000000011111111111|RJ|21010410|RJ|00000000|CIF|01
02|01|00000000000000014020|01|01|20230110|00000000000000000000|00000000011111111111|RJ|21010410|RJ|00000000|CIF|01
03|00000000000000014020|01|01|         3716|0000000007|   5.17|N|    36.18|    36.18|00|00|00|00|00
03|00000000000000014020|01|01|         3717|0000000006|   5.17|N|    31.01|    31.01|00|00|00|00|00
03|00000000000000014020|01|01|         3746|0000000007|   5.17|N|    36.18|    36.18|00|00|00|00|00
02|01|00000000000000014024|01|01|20230110|00000000000000000000|00000000011111111111|RJ|21010410|RJ|00000000|CIF|01
03|00000000000000014024|01|01|         1430|0000000002|  26.22|N|    52.44|    52.44|00|00|00|00|00
02|01|00000000000000014029|01|01|20230111|00000000000000000000|00000000011111111111|RJ|21010410|RJ|00000000|CIF|01
03|00000000000000014029|01|01|         1430|0000000010|  26.22|N|   262.20|   262.20|00|00|00|00|00
02|01|00000000000000014032|01|01|20230111|00000000000000000000|00000000011111111111|RJ|21010410|RJ|00000000|CIF|01
02|01|00000000000000014032|01|01|20230111|00000000000000000000|00000000011111111111|RJ|21010410|RJ|00000000|CIF|01
03|00000000000000014032|01|01|         1429|0000000018|   5.10|N|    91.80|    91.80|00|00|00|00|00
03|00000000000000014032|01|01|         3717|0000000002|   5.44|N|    10.88|    10.88|00|00|00|00|00
02|01|00000000000000014033|01|01|20230111|00000000000000000000|00000000011111111111|RJ|21010410|RJ|00000000|CIF|01
03|00000000000000014033|01|01|         1430|0000000010|  27.60|N|   276.00|   276.00|00|00|00|00|00
02|01|00000000000000014035|01|01|20230111|00000000000000000000|00000000011111111111|RJ|21010410|RJ|00000000|CIF|01
03|00000000000000014035|01|01|         1430|0000000001|  27.60|N|    27.60|    27.60|00|00|00|00|00
02|01|00000000000000014036|01|01|20230111|00000000000000000000|00000000011111111111|RJ|21010410|RJ|00000000|CIF|01
03|00000000000000014036|01|01|         1430|0000000010|  26.22|N|   262.20|   262.20|00|00|00|00|00
02|01|00000000000000014042|01|01|20230111|00000000000000000000|00000000011111111111|RJ|21010410|RJ|00000000|CIF|01
03|00000000000000014042|01|01|         1430|0000000001|  27.60|N|    27.60|    27.60|00|00|00|00|00
02|01|00000000000000014046|01|01|20230111|00000000000000000000|00000000011111111111|RJ|21010410|RJ|00000000|CIF|01
03|00000000000000014046|01|01|         1430|0000000010|  27.60|N|   276.00|   276.00|00|00|00|00|00
02|01|00000000000000014058|01|01|20230112|00000000000000000000|00000000011111111111|RJ|21010410|RJ|00000000|CIF|01
03|00000000000000014058|01|01|         1430|0000000002|  27.60|N|    55.20|    55.20|00|00|00|00|00
02|01|00000000000000014065|01|01|20230112|00000000000000000000|00000000011111111111|RJ|21010410|RJ|00000000|CIF|01
02|01|00000000000000014065|01|01|20230112|00000000000000000000|00000000011111111111|RJ|21010410|RJ|00000000|CIF|01
03|00000000000000014065|01|01|         3716|0000000002|   5.44|N|    10.88|    10.88|00|00|00|00|00
03|00000000000000014065|01|01|         3717|0000000002|   5.44|N|    10.88|    10.88|00|00|00|00|00
02|01|00000000000000014066|01|01|20230112|00000000000000000000|00000000011111111111|RJ|21010410|RJ|00000000|CIF|01
03|00000000000000014066|01|01|         1430|0000000001|  24.84|N|    24.84|    24.84|00|00|00|00|00
02|01|00000000000000014067|01|01|20230112|00000000000000000000|00000000011111111111|RJ|21010410|RJ|00000000|CIF|01
03|00000000000000014067|01|01|         1430|0000000001|  27.60|N|    27.60|    27.60|00|00|00|00|00
02|01|00000000000000014077|01|01|20230112|00000000000000000000|00000000011111111111|RJ|21010410|RJ|00000000|CIF|01
03|00000000000000014077|01|01|         1928|0000000001|  30.24|N|    30.24|    30.24|00|00|00|00|00
02|01|00000000000000014087|01|01|20230113|00000000000000000000|00000000011111111111|RJ|21010410|RJ|00000000|CIF|01
03|00000000000000014087|01|01|         3076|0000000001|  50.40|N|    50.40|    50.40|00|00|00|00|00
02|01|00000000000000014090|01|01|20230113|00000000000000000000|00000000011111111111|RJ|21010410|RJ|00000000|CIF|01
03|00000000000000014090|01|01|         1430|0000000001|  27.60|N|    27.60|    27.60|00|00|00|00|00
02|01|00000000000000014092|01|01|20230113|00000000000000000000|00000000011111111111|RJ|21010410|RJ|00000000|CIF|01
03|00000000000000014092|01|01|         3716|0000000016|   5.44|N|    87.04|    87.04|00|00|00|00|00
02|01|00000000000000014099|01|01|20230113|00000000000000000000|00000000011111111111|RJ|21010410|RJ|00000000|CIF|01
03|00000000000000014099|01|01|         1429|0000000001|   4.60|N|     4.60|     4.60|00|00|00|00|00
02|01|00000000000000014100|01|01|20230113|00000000000000000000|00000000011111111111|RJ|21010410|RJ|00000000|CIF|01
03|00000000000000014100|01|01|          232|0000000001|  26.96|N|    26.96|    26.96|00|00|00|00|00
02|01|00000000000000014106|01|01|20230113|00000000000000000000|00000000011111111111|RJ|21010410|RJ|00000000|CIF|01
03|00000000000000014106|01|01|         1430|0000000001|  27.60|N|    27.60|    27.60|00|00|00|00|00
02|01|00000000000000014112|01|01|20230113|00000000000000000000|00000000011111111111|RJ|21010410|RJ|00000000|CIF|01
03|00000000000000014112|01|01|         1430|0000000001|  27.60|N|    27.60|    27.60|00|00|00|00|00
02|01|00000000000000014119|01|01|20230116|00000000000000000000|00000000011111111111|RJ|21010410|RJ|00000000|CIF|01
02|01|00000000000000014119|01|01|20230116|00000000000000000000|00000000011111111111|RJ|21010410|RJ|00000000|CIF|01
03|00000000000000014119|01|01|          232|0000000002|  26.96|N|    53.92|    53.92|00|00|00|00|00
03|00000000000000014119|01|01|         3123|0000000003|  26.91|N|    80.73|    80.73|00|00|00|00|00
02|01|00000000000000014125|01|01|20230116|00000000000000000000|00000000011111111111|RJ|21010410|RJ|00000000|CIF|01
03|00000000000000014125|01|01|         1430|0000000004|  27.60|N|   110.40|   110.40|00|00|00|00|00
02|01|00000000000000014128|01|01|20230116|00000000000000000000|00000000011111111111|RJ|21010410|RJ|00000000|CIF|01
03|00000000000000014128|01|01|         1430|0000000002|  27.60|N|    55.20|    55.20|00|00|00|00|00
02|01|00000000000000014136|01|01|20230116|00000000000000000000|00000000011111111111|RJ|21010410|RJ|00000000|CIF|01
02|01|00000000000000014136|01|01|20230116|00000000000000000000|00000000011111111111|RJ|21010410|RJ|00000000|CIF|01
02|01|00000000000000014136|01|01|20230116|00000000000000000000|00000000011111111111|RJ|21010410|RJ|00000000|CIF|01
03|00000000000000014136|01|01|         1429|0000000015|   5.10|N|    76.50|    76.50|00|00|00|00|00
03|00000000000000014136|01|01|         1928|0000000003|  30.24|N|    90.72|    90.72|00|00|00|00|00
03|00000000000000014136|01|01|         3717|0000000015|   5.44|N|    81.60|    81.60|00|00|00|00|00
02|01|00000000000000014141|01|01|20230117|00000000000000000000|00000000011111111111|RJ|21010410|RJ|00000000|CIF|01
03|00000000000000014141|01|01|         1430|0000000002|  27.60|N|    55.20|    55.20|00|00|00|00|00
02|01|00000000000000014155|01|01|20230117|00000000000000000000|00000000011111111111|RJ|21010410|RJ|00000000|CIF|01
03|00000000000000014155|01|01|         1429|0000000020|   5.10|N|   102.00|   102.00|00|00|00|00|00
02|01|00000000000000014158|01|01|20230117|00000000000000000000|00000000011111111111|RJ|21010410|RJ|00000000|CIF|01
03|00000000000000014158|01|01|         1430|0000000002|  27.60|N|    55.20|    55.20|00|00|00|00|00
02|01|00000000000000014167|01|01|20230118|00000000000000000000|00000000011111111111|RJ|21010410|RJ|00000000|CIF|01
03|00000000000000014167|01|01|         1430|0000000002|  27.60|N|    55.20|    55.20|00|00|00|00|00
02|01|00000000000000014183|01|01|20230118|00000000000000000000|00000000011111111111|RJ|21010410|RJ|00000000|CIF|01
03|00000000000000014183|01|01|         1429|0000000001|   5.10|N|     5.10|     5.10|00|00|00|00|00
02|01|00000000000000014197|01|01|20230119|00000000000000000000|00000000011111111111|RJ|21010410|RJ|00000000|CIF|01
02|01|00000000000000014197|01|01|20230119|00000000000000000000|00000000011111111111|RJ|21010410|RJ|00000000|CIF|01
02|01|00000000000000014197|01|01|20230119|00000000000000000000|00000000011111111111|RJ|21010410|RJ|00000000|CIF|01
02|01|00000000000000014197|01|01|20230119|00000000000000000000|00000000011111111111|RJ|21010410|RJ|00000000|CIF|01
03|00000000000000014197|01|01|         1429|0000000060|   5.10|N|   306.00|   306.00|00|00|00|00|00
03|00000000000000014197|01|01|         1928|0000000005|  30.24|N|   151.20|   151.20|00|00|00|00|00
03|00000000000000014197|01|01|         3716|0000000001|   5.44|N|     5.44|     5.44|00|00|00|00|00
03|00000000000000014197|01|01|         3717|0000000010|   5.44|N|    54.40|    54.40|00|00|00|00|00
02|01|00000000000000014198|01|01|20230119|00000000000000000000|00000000011111111111|RJ|21010410|RJ|00000000|CIF|01
03|00000000000000014198|01|01|         1430|0000000001|  27.60|N|    27.60|    27.60|00|00|00|00|00
02|01|00000000000000014202|01|01|20230119|00000000000000000000|00000000011111111111|RJ|21010410|RJ|00000000|CIF|01
03|00000000000000014202|01|01|         1430|0000000010|  24.84|N|   248.40|   248.40|00|00|00|00|00
02|01|00000000000000014206|01|01|20230119|00000000000000000000|00000000011111111111|RJ|21010410|RJ|00000000|CIF|01
02|01|00000000000000014206|01|01|20230119|00000000000000000000|00000000011111111111|RJ|21010410|RJ|00000000|CIF|01
02|01|00000000000000014206|01|01|20230119|00000000000000000000|00000000011111111111|RJ|21010410|RJ|00000000|CIF|01
02|01|00000000000000014206|01|01|20230119|00000000000000000000|00000000011111111111|RJ|21010410|RJ|00000000|CIF|01
02|01|00000000000000014206|01|01|20230119|00000000000000000000|00000000011111111111|RJ|21010410|RJ|00000000|CIF|01
03|00000000000000014206|01|01|          231|0000000001|  26.96|N|    26.96|    26.96|00|00|00|00|00
03|00000000000000014206|01|01|          232|0000000001|  26.96|N|    26.96|    26.96|00|00|00|00|00
03|00000000000000014206|01|01|         3123|0000000001|  26.91|N|    26.91|    26.91|00|00|00|00|00
03|00000000000000014206|01|01|         3713|0000000002|   3.98|N|     7.96|     7.96|00|00|00|00|00
03|00000000000000014206|01|01|         3717|0000000005|   5.44|N|    27.20|    27.20|00|00|00|00|00
02|01|00000000000000014207|01|01|20230119|00000000000000000000|00000000011111111111|RJ|21010410|RJ|00000000|CIF|01
03|00000000000000014207|01|01|         1430|0000000010|  27.60|N|   276.00|   276.00|00|00|00|00|00
02|01|00000000000000014220|01|01|20230119|00000000000000000000|00000000011111111111|RJ|21010410|RJ|00000000|CIF|01
03|00000000000000014220|01|01|         1430|0000000001|  24.84|N|    24.84|    24.84|00|00|00|00|00
02|01|00000000000000014222|01|01|20230119|00000000000000000000|00000000011111111111|RJ|21010410|RJ|00000000|CIF|01
03|00000000000000014222|01|01|         1429|0000000003|   3.83|N|    11.48|    11.48|00|00|00|00|00
02|01|00000000000000014233|01|01|20230123|00000000000000000000|00000000011111111111|RJ|21010410|RJ|00000000|CIF|01
02|01|00000000000000014233|01|01|20230123|00000000000000000000|00000000011111111111|RJ|21010410|RJ|00000000|CIF|01
02|01|00000000000000014233|01|01|20230123|00000000000000000000|00000000011111111111|RJ|21010410|RJ|00000000|CIF|01
03|00000000000000014233|01|01|         1430|0000000001|  27.60|N|    27.60|    27.60|00|00|00|00|00
03|00000000000000014233|01|01|         3715|0000000001|   5.44|N|     5.44|     5.44|00|00|00|00|00
03|00000000000000014233|01|01|         3716|0000000001|   5.44|N|     5.44|     5.44|00|00|00|00|00
02|01|00000000000000014235|01|01|20230123|00000000000000000000|00000000011111111111|RJ|21010410|RJ|00000000|CIF|01
03|00000000000000014235|01|01|         1430|0000000002|  27.60|N|    55.20|    55.20|00|00|00|00|00
02|01|00000000000000014236|01|01|20230123|00000000000000000000|00000000011111111111|RJ|21010410|RJ|00000000|CIF|01
03|00000000000000014236|01|01|         3716|0000000050|   4.90|N|   244.80|   244.80|00|00|00|00|00
02|01|00000000000000014237|01|01|20230123|00000000000000000000|00000000011111111111|RJ|21010410|RJ|00000000|CIF|01
02|01|00000000000000014237|01|01|20230123|00000000000000000000|00000000011111111111|RJ|21010410|RJ|00000000|CIF|01
03|00000000000000014237|01|01|         1430|0000000002|  27.60|N|    55.20|    55.20|00|00|00|00|00
03|00000000000000014237|01|01|         1928|0000000001|  30.24|N|    30.24|    30.24|00|00|00|00|00
02|01|00000000000000014242|01|01|20230123|00000000000000000000|00000000011111111111|RJ|21010410|RJ|00000000|CIF|01
03|00000000000000014242|01|01|         1430|0000000002|  27.60|N|    55.20|    55.20|00|00|00|00|00
02|01|00000000000000014247|01|01|20230123|00000000000000000000|00000000011111111111|RJ|21010410|RJ|00000000|CIF|01
03|00000000000000014247|01|01|         1430|0000000020|  27.60|N|   552.00|   552.00|00|00|00|00|00
02|01|00000000000000014249|01|01|20230123|00000000000000000000|00000000011111111111|RJ|21010410|RJ|00000000|CIF|01
03|00000000000000014249|01|01|         1430|0000000001|  27.60|N|    27.60|    27.60|00|00|00|00|00
02|01|00000000000000014252|01|01|20230123|00000000000000000000|00000000011111111111|RJ|21010410|RJ|00000000|CIF|01
02|01|00000000000000014252|01|01|20230123|00000000000000000000|00000000011111111111|RJ|21010410|RJ|00000000|CIF|01
02|01|00000000000000014252|01|01|20230123|00000000000000000000|00000000011111111111|RJ|21010410|RJ|00000000|CIF|01
03|00000000000000014252|01|01|         1429|0000000001|   4.08|N|     4.08|     4.08|00|00|00|00|00
03|00000000000000014252|01|01|         1430|0000000001|  22.08|N|    22.08|    22.08|00|00|00|00|00
03|00000000000000014252|01|01|         3717|0000000001|   4.35|N|     4.35|     4.35|00|00|00|00|00
02|01|00000000000000014254|01|01|20230123|00000000000000000000|00000000011111111111|RJ|21010410|RJ|00000000|CIF|01
03|00000000000000014254|01|01|         1430|0000000002|  24.84|N|    49.68|    49.68|00|00|00|00|00
02|01|00000000000000014259|01|01|20230124|00000000000000000000|00000000011111111111|RJ|21010410|RJ|00000000|CIF|01
03|00000000000000014259|01|01|         1430|0000000001|  27.60|N|    27.60|    27.60|00|00|00|00|00
02|01|00000000000000014260|01|01|20230124|00000000000000000000|00000000011111111111|RJ|21010410|RJ|00000000|CIF|01
03|00000000000000014260|01|01|         1430|0000000004|  27.60|N|   110.40|   110.40|00|00|00|00|00
02|01|00000000000000014265|01|01|20230124|00000000000000000000|00000000011111111111|RJ|21010410|RJ|00000000|CIF|01
02|01|00000000000000014265|01|01|20230124|00000000000000000000|00000000011111111111|RJ|21010410|RJ|00000000|CIF|01
03|00000000000000014265|01|01|         1430|0000000002|  26.22|N|    52.44|    52.44|00|00|00|00|00
03|00000000000000014265|01|01|         1928|0000000002|  28.73|N|    57.46|    57.46|00|00|00|00|00
02|01|00000000000000014266|01|01|20230124|00000000000000000000|00000000011111111111|RJ|21010410|RJ|00000000|CIF|01
03|00000000000000014266|01|01|         1430|0000000002|  27.60|N|    55.20|    55.20|00|00|00|00|00
02|01|00000000000000014272|01|01|20230124|00000000000000000000|00000000011111111111|RJ|21010410|RJ|00000000|CIF|01
03|00000000000000014272|01|01|         1430|0000000001|  27.60|N|    27.60|    27.60|00|00|00|00|00
02|01|00000000000000014278|01|01|20230124|00000000000000000000|00000000011111111111|RJ|21010410|RJ|00000000|CIF|01
03|00000000000000014278|01|01|         1430|0000000001|  27.60|N|    27.60|    27.60|00|00|00|00|00
02|01|00000000000000014281|01|01|20230124|00000000000000000000|00000000011111111111|RJ|21010410|RJ|00000000|CIF|01
03|00000000000000014281|01|01|         1430|0000000003|  27.60|N|    82.80|    82.80|00|00|00|00|00
02|01|00000000000000014285|01|01|20230125|00000000000000000000|00000000011111111111|RJ|21010410|RJ|00000000|CIF|01
03|00000000000000014285|01|01|         1430|0000000001|  27.60|N|    27.60|    27.60|00|00|00|00|00
02|01|00000000000000014299|01|01|20230125|00000000000000000000|00000000011111111111|RJ|21010410|RJ|00000000|CIF|01
02|01|00000000000000014299|01|01|20230125|00000000000000000000|00000000011111111111|RJ|21010410|RJ|00000000|CIF|01
03|00000000000000014299|01|01|         1430|0000000001|  26.22|N|    26.22|    26.22|00|00|00|00|00
03|00000000000000014299|01|01|         3713|0000000001|   3.78|N|     3.78|     3.78|00|00|00|00|00
02|01|00000000000000014304|01|01|20230125|00000000000000000000|00000000011111111111|RJ|21010410|RJ|00000000|CIF|01
03|00000000000000014304|01|01|         3717|0000000003|   5.44|N|    16.32|    16.32|00|00|00|00|00
02|01|00000000000000014316|01|01|20230126|00000000000000000000|00000000011111111111|RJ|21010410|RJ|00000000|CIF|01
03|00000000000000014316|01|01|         1430|0000000002|  27.60|N|    55.20|    55.20|00|00|00|00|00
02|01|00000000000000014317|01|01|20230126|00000000000000000000|00000000011111111111|RJ|21010410|RJ|00000000|CIF|01
03|00000000000000014317|01|01|         1430|0000000001|  27.60|N|    27.60|    27.60|00|00|00|00|00
02|01|00000000000000014318|01|01|20230126|00000000000000000000|00000000011111111111|RJ|21010410|RJ|00000000|CIF|01
02|01|00000000000000014318|01|01|20230126|00000000000000000000|00000000011111111111|RJ|21010410|RJ|00000000|CIF|01
03|00000000000000014318|01|01|         1430|0000000001|  27.60|N|    27.60|    27.60|00|00|00|00|00
03|00000000000000014318|01|01|         3717|0000000001|   5.44|N|     5.44|     5.44|00|00|00|00|00
02|01|00000000000000014332|01|01|20230126|00000000000000000000|00000000011111111111|RJ|21010410|RJ|00000000|CIF|01
03|00000000000000014332|01|01|         1928|0000000001|  30.24|N|    30.24|    30.24|00|00|00|00|00
02|01|00000000000000014336|01|01|20230126|00000000000000000000|00000000011111111111|RJ|21010410|RJ|00000000|CIF|01
02|01|00000000000000014336|01|01|20230126|00000000000000000000|00000000011111111111|RJ|21010410|RJ|00000000|CIF|01
03|00000000000000014336|01|01|          229|0000000002|  26.96|N|    53.92|    53.92|00|00|00|00|00
03|00000000000000014336|01|01|         1430|0000000002|  27.60|N|    55.20|    55.20|00|00|00|00|00
02|01|00000000000000014339|01|01|20230126|00000000000000000000|00000000011111111111|RJ|21010410|RJ|00000000|CIF|01
03|00000000000000014339|01|01|         3076|0000000001|  50.40|N|    50.40|    50.40|00|00|00|00|00
02|01|00000000000000014351|01|01|20230127|00000000000000000000|00000000011111111111|RJ|21010410|RJ|00000000|CIF|01
03|00000000000000014351|01|01|         1430|0000000002|  27.60|N|    55.20|    55.20|00|00|00|00|00
02|01|00000000000000014357|01|01|20230127|00000000000000000000|00000000011111111111|RJ|21010410|RJ|00000000|CIF|01
03|00000000000000014357|01|01|         1430|0000000020|  27.60|N|   552.00|   552.00|00|00|00|00|00
02|01|00000000000000014358|01|01|20230127|00000000000000000000|00000000011111111111|RJ|21010410|RJ|00000000|CIF|01
02|01|00000000000000014358|01|01|20230127|00000000000000000000|00000000011111111111|RJ|21010410|RJ|00000000|CIF|01
02|01|00000000000000014358|01|01|20230127|00000000000000000000|00000000011111111111|RJ|21010410|RJ|00000000|CIF|01
03|00000000000000014358|01|01|         1429|0000000001|   4.34|N|     4.34|     4.34|00|00|00|00|00
03|00000000000000014358|01|01|         1429|0000000001|   4.34|N|     4.34|     4.34|00|00|00|00|00
03|00000000000000014358|01|01|         3715|0000000001|   4.62|N|     4.62|     4.62|00|00|00|00|00
02|01|00000000000000014368|01|01|20230130|00000000000000000000|00000000011111111111|RJ|21010410|RJ|00000000|CIF|01
02|01|00000000000000014368|01|01|20230130|00000000000000000000|00000000011111111111|RJ|21010410|RJ|00000000|CIF|01
03|00000000000000014368|01|01|         1429|0000000042|   5.10|N|   214.20|   214.20|00|00|00|00|00
03|00000000000000014368|01|01|         3717|0000000001|   5.44|N|     5.44|     5.44|00|00|00|00|00
02|01|00000000000000014377|01|01|20230130|00000000000000000000|00000000011111111111|RJ|21010410|RJ|00000000|CIF|01
02|01|00000000000000014377|01|01|20230130|00000000000000000000|00000000011111111111|RJ|21010410|RJ|00000000|CIF|01
02|01|00000000000000014377|01|01|20230130|00000000000000000000|00000000011111111111|RJ|21010410|RJ|00000000|CIF|01
03|00000000000000014377|01|01|         1429|0000000002|   5.10|N|    10.20|    10.20|00|00|00|00|00
03|00000000000000014377|01|01|         3713|0000000001|   3.98|N|     3.98|     3.98|00|00|00|00|00
03|00000000000000014377|01|01|         3717|0000000001|   5.44|N|     5.44|     5.44|00|00|00|00|00
02|01|00000000000000014385|01|01|20230130|00000000000000000000|00000000011111111111|RJ|21010410|RJ|00000000|CIF|01
03|00000000000000014385|01|01|         1430|0000000010|  27.60|N|   276.00|   276.00|00|00|00|00|00
02|01|00000000000000014386|01|01|20230130|00000000000000000000|00000000011111111111|RJ|21010410|RJ|00000000|CIF|01
03|00000000000000014386|01|01|         1430|0000000002|  27.60|N|    55.20|    55.20|00|00|00|00|00
02|01|00000000000000014389|01|01|20230130|00000000000000000000|00000000011111111111|RJ|21010410|RJ|00000000|CIF|01
03|00000000000000014389|01|01|         1430|0000000001|  24.84|N|    24.84|    24.84|00|00|00|00|00
02|01|00000000000000014390|01|01|20230130|00000000000000000000|00000000011111111111|RJ|21010410|RJ|00000000|CIF|01
03|00000000000000014390|01|01|         1430|0000000001|  27.60|N|    27.60|    27.60|00|00|00|00|00
02|01|00000000000000014395|01|01|20230130|00000000000000000000|00000000011111111111|RJ|21010410|RJ|00000000|CIF|01
03|00000000000000014395|01|01|         1429|0000000001|   5.10|N|     5.10|     5.10|00|00|00|00|00
02|01|00000000000000014407|01|01|20230131|00000000000000000000|00000000011111111111|RJ|21010410|RJ|00000000|CIF|01
03|00000000000000014407|01|01|         1429|0000000001|   5.10|N|     5.10|     5.10|00|00|00|00|00
02|01|00000000000000014411|01|01|20230131|00000000000000000000|00000000011111111111|RJ|21010410|RJ|00000000|CIF|01
03|00000000000000014411|01|01|         1429|0000000001|   5.10|N|     5.10|     5.10|00|00|00|00|00
02|01|00000000000000014413|01|01|20230131|00000000000000000000|00000000011111111111|RJ|21010410|RJ|00000000|CIF|01
03|00000000000000014413|01|01|         1429|0000000003|   5.10|N|    15.30|    15.30|00|00|00|00|00
02|01|00000000000000016596|01|01|20230117|00000000000000000000|00000000011111111111|RJ|21010410|RJ|00000000|CIF|01
03|00000000000000016596|01|01|         1430|0000000003|  27.60|N|    82.80|    82.80|00|00|00|00|00
02|01|00000000000000018919|01|01|20230102|00000000000000000000|00000047046109000123|RJ|21010410|RJ|00000000|CIF|01
02|01|00000000000000018919|01|01|20230102|00000000000000000000|00000047046109000123|RJ|21010410|RJ|00000000|CIF|01
02|01|00000000000000018919|01|01|20230102|00000000000000000000|00000047046109000123|RJ|21010410|RJ|00000000|CIF|01
02|01|00000000000000018919|01|01|20230102|00000000000000000000|00000047046109000123|RJ|21010410|RJ|00000000|CIF|01
02|01|00000000000000018919|01|01|20230102|00000000000000000000|00000047046109000123|RJ|21010410|RJ|00000000|CIF|01
03|00000000000000018919|01|01|         1429|0000000050|   4.55|N|   227.50|   227.50|00|00|00|00|00
03|00000000000000018919|01|01|         1430|0000000010|  24.16|N|   241.60|   241.60|00|00|00|00|00
03|00000000000000018919|01|01|         1928|0000000005|  26.52|N|   132.60|   132.60|00|00|00|00|00
03|00000000000000018919|01|01|         3715|0000000025|   4.84|N|   121.00|   121.00|00|00|00|00|00
03|00000000000000018919|01|01|         3746|0000000025|   4.84|N|   121.00|   121.00|00|00|00|00|00
02|01|00000000000000018922|01|01|20230103|00000000000000000000|00000000603178000127|RJ|21010410|RJ|00000000|CIF|01
03|00000000000000018922|01|01|         1430|0000000160|  23.19|N|  3710.40|  3710.40|00|00|00|00|00
02|01|00000000000000018925|01|01|20230103|00000000000000000000|00000016539754000316|RJ|21010410|RJ|00000000|CIF|01
02|01|00000000000000018925|01|01|20230103|00000000000000000000|00000016539754000316|RJ|21010410|RJ|00000000|CIF|01
03|00000000000000018925|01|01|         1430|0000000001|  27.60|N|    27.60|    27.60|00|00|00|00|00
03|00000000000000018925|01|01|         1430|0000000001|  27.60|N|    27.60|    27.60|00|00|00|00|00
02|01|00000000000000018928|01|01|20230103|00000000000000000000|00000005622046000166|RJ|21010410|RJ|00000000|CIF|01
03|00000000000000018928|01|01|         1430|0000000100|  20.70|N|  2070.00|  2070.00|00|00|00|00|00
02|01|00000000000000018929|01|01|20230103|00000000000000000000|00000029089460000110|RJ|21010410|RJ|00000000|CIF|01
03|00000000000000018929|01|01|          228|0000000020|  27.27|N|   545.40|   545.40|00|00|00|00|00
02|01|00000000000000018944|01|01|20230104|00000000000000000000|00000020397310000107|RJ|21010410|RJ|00000000|CIF|01
03|00000000000000018944|01|01|         1430|0000000010|  24.16|N|   241.60|   241.60|00|00|00|00|00
02|01|00000000000000018953|01|01|20230105|00000000000000000000|00000000001631033727|RJ|21010410|RJ|00000000|CIF|01
03|00000000000000018953|01|01|         1430|0000000010|  24.55|N|   245.50|   245.50|00|00|00|00|00
02|01|00000000000000018956|01|01|20230105|00000000000000000000|00000039251981000185|RJ|21010410|RJ|00000000|CIF|01
03|00000000000000018956|01|01|         3076|0000000005|  44.20|N|   221.00|   221.00|00|00|00|00|00
02|01|00000000000000018959|01|01|20230106|00000000000000000000|00000027379123000131|RJ|21010410|RJ|00000000|CIF|01
03|00000000000000018959|01|01|        34934|0000000007|   8.53|N|    59.71|    59.71|00|00|00|00|00
02|01|00000000000000018962|01|01|20230106|00000000000000000000|00000031173839000155|RJ|21010410|RJ|00000000|CIF|01
03|00000000000000018962|01|01|         1430|0000000500|  20.90|N| 10450.00| 10450.00|00|00|00|00|00
02|01|00000000000000018964|01|01|20230106|00000000000000000000|00000012593530000170|RJ|21010410|RJ|00000000|CIF|01
02|01|00000000000000018964|01|01|20230106|00000000000000000000|00000012593530000170|RJ|21010410|RJ|00000000|CIF|01
03|00000000000000018964|01|01|         1425|0000000030|  25.26|N|   757.80|   757.80|00|00|00|00|00
03|00000000000000018964|01|01|         1430|0000000020|  24.16|N|   483.20|   483.20|00|00|00|00|00
02|01|00000000000000018965|01|01|20230106|00000000000000000000|00000000603178000127|RJ|21010410|RJ|00000000|CIF|01
03|00000000000000018965|01|01|         1430|0000000100|  23.19|N|  2319.00|  2319.00|00|00|00|00|00
02|01|00000000000000018966|01|01|20230106|00000000000000000000|00000002827778000102|RJ|21010410|RJ|00000000|CIF|01
02|01|00000000000000018966|01|01|20230106|00000000000000000000|00000002827778000102|RJ|21010410|RJ|00000000|CIF|01
02|01|00000000000000018966|01|01|20230106|00000000000000000000|00000002827778000102|RJ|21010410|RJ|00000000|CIF|01
02|01|00000000000000018966|01|01|20230106|00000000000000000000|00000002827778000102|RJ|21010410|RJ|00000000|CIF|01
02|01|00000000000000018966|01|01|20230106|00000000000000000000|00000002827778000102|RJ|21010410|RJ|00000000|CIF|01
03|00000000000000018966|01|01|         1429|0000000050|   4.55|N|   227.50|   227.50|00|00|00|00|00
03|00000000000000018966|01|01|         1430|0000000050|  21.89|N|  1094.50|  1094.50|00|00|00|00|00
03|00000000000000018966|01|01|         3715|0000000050|   4.85|N|   242.50|   242.50|00|00|00|00|00
03|00000000000000018966|01|01|         3716|0000000050|   4.85|N|   242.50|   242.50|00|00|00|00|00
03|00000000000000018966|01|01|         3746|0000000050|   4.85|N|   242.50|   242.50|00|00|00|00|00
02|01|00000000000000018968|01|01|20230106|00000000000000000000|00000028530025000116|RJ|21010410|RJ|00000000|CIF|01
03|00000000000000018968|01|01|         1430|0000000100|  24.90|N|  2490.00|  2490.00|00|00|00|00|00
02|01|00000000000000018970|01|01|20230109|00000000000000000000|00000019195176000174|RJ|21010410|RJ|00000000|CIF|01
03|00000000000000018970|01|01|         1430|0000000010|  24.16|N|   241.60|   241.60|00|00|00|00|00
02|01|00000000000000018991|01|01|20230110|00000000000000000000|00000005120086000100|RJ|21010410|RJ|00000000|CIF|01
03|00000000000000018991|01|01|         1430|0000000200|  21.90|N|  4380.00|  4380.00|00|00|00|00|00
02|01|00000000000000018999|01|01|20230111|00000000000000000000|00000000482998000108|RJ|21010410|RJ|00000000|CIF|01
03|00000000000000018999|01|01|         1430|0000000050|  24.16|N|  1208.00|  1208.00|00|00|00|00|00
02|01|00000000000000019002|01|01|20230111|00000000000000000000|00000026661775000100|RJ|21010410|RJ|00000000|CIF|01
03|00000000000000019002|01|01|         1430|0000000010|  27.60|N|   276.00|   276.00|00|00|00|00|00
02|01|00000000000000019006|01|01|20230111|00000000000000000000|00000041040599000174|RJ|21010410|RJ|00000000|CIF|01
03|00000000000000019006|01|01|         1430|0000000120|  23.19|N|  2782.80|  2782.80|00|00|00|00|00
02|01|00000000000000019007|01|01|20230111|00000000000000000000|00000037750941000152|RJ|21010410|RJ|00000000|CIF|01
03|00000000000000019007|01|01|         1425|0000000010|  25.26|N|   252.60|   252.60|00|00|00|00|00
02|01|00000000000000019009|01|01|20230111|00000000000000000000|00000002917249000191|RJ|21010410|RJ|00000000|CIF|01
03|00000000000000019009|01|01|         1430|0000000010|  24.16|N|   241.60|   241.60|00|00|00|00|00
02|01|00000000000000019017|01|01|20230112|00000000000000000000|00000029340323000106|RJ|21010410|RJ|00000000|CIF|01
03|00000000000000019017|01|01|         1430|0000000300|  21.90|N|  6570.00|  6570.00|00|00|00|00|00
02|01|00000000000000019018|01|01|20230112|00000000000000000000|00000013561135000178|RJ|21010410|RJ|00000000|CIF|01
03|00000000000000019018|01|01|         1430|0000000500|  21.90|N| 10950.00| 10950.00|00|00|00|00|00
02|01|00000000000000019020|01|01|20230112|00000000000000000000|00000017467515003386|RJ|21010410|RJ|00000000|CIF|01
03|00000000000000019020|01|01|         1430|0000000020|  27.60|N|   552.00|   552.00|00|00|00|00|00
02|01|00000000000000019022|01|01|20230112|00000000000000000000|00000041109193000281|RJ|21010410|RJ|00000000|CIF|01
03|00000000000000019022|01|01|          232|0000000010|  27.83|N|   278.30|   278.30|00|00|00|00|00
02|01|00000000000000019023|01|01|20230112|00000000000000000000|00000040216947000159|RJ|21010410|RJ|00000000|CIF|01
03|00000000000000019023|01|01|         1430|0000000030|  24.16|N|   724.80|   724.80|00|00|00|00|00
02|01|00000000000000019025|01|01|20230113|00000000000000000000|00000046458868000130|RJ|21010410|RJ|00000000|CIF|01
03|00000000000000019025|01|01|         1430|0000000060|  24.16|N|  1449.60|  1449.60|00|00|00|00|00
02|01|00000000000000019026|01|01|20230113|00000000000000000000|00000000457060000138|RJ|21010410|RJ|00000000|CIF|01
03|00000000000000019026|01|01|         1430|0000000500|  21.90|N| 10950.00| 10950.00|00|00|00|00|00
02|01|00000000000000019029|01|01|20230113|00000000000000000000|00000022231053000156|RJ|21010410|RJ|00000000|CIF|01
03|00000000000000019029|01|01|         1430|0000000050|  21.90|N|  1095.00|  1095.00|00|00|00|00|00
02|01|00000000000000019031|01|01|20230113|00000000000000000000|00000026682970000108|RJ|21010410|RJ|00000000|CIF|01
03|00000000000000019031|01|01|         1430|0000000050|  21.49|N|  1074.50|  1074.50|00|00|00|00|00
02|01|00000000000000019032|01|01|20230113|00000000000000000000|00000000077115376700|RJ|21010410|RJ|00000000|CIF|01
03|00000000000000019032|01|01|         1430|0000000050|  21.90|N|  1095.00|  1095.00|00|00|00|00|00
02|01|00000000000000019034|01|01|20230116|00000000000000000000|00000039777776000158|RJ|21010410|RJ|00000000|CIF|01
02|01|00000000000000019034|01|01|20230116|00000000000000000000|00000039777776000158|RJ|21010410|RJ|00000000|CIF|01
03|00000000000000019034|01|01|         1429|0000000005|   4.55|N|    22.75|    22.75|00|00|00|00|00
03|00000000000000019034|01|01|        34934|0000000001|   7.34|N|     7.34|     7.34|00|00|00|00|00
02|01|00000000000000019035|01|01|20230116|00000000000000000000|00000033377249000170|RJ|21010410|RJ|00000000|CIF|01
03|00000000000000019035|01|01|         1430|0000000100|  23.19|N|  2319.00|  2319.00|00|00|00|00|00
02|01|00000000000000019040|01|01|20230116|00000000000000000000|00000005120086000100|RJ|21010410|RJ|00000000|CIF|01
03|00000000000000019040|01|01|         1430|0000000300|  21.90|N|  6570.00|  6570.00|00|00|00|00|00
02|01|00000000000000019043|01|01|20230116|00000000000000000000|00000044472907000129|RJ|21010410|RJ|00000000|CIF|01
03|00000000000000019043|01|01|         1430|0000000010|  27.60|N|   276.00|   276.00|00|00|00|00|00
02|01|00000000000000019044|01|01|20230116|00000000000000000000|00000005622093000100|RJ|21010410|RJ|00000000|CIF|01
03|00000000000000019044|01|01|         1430|0000000020|  26.90|N|   538.00|   538.00|00|00|00|00|00
02|01|00000000000000019056|01|01|20230117|00000000000000000000|00000019195176000174|RJ|21010410|RJ|00000000|CIF|01
03|00000000000000019056|01|01|         1430|0000000020|  21.60|N|   432.00|   432.00|00|00|00|00|00
02|01|00000000000000019059|01|01|20230117|00000000000000000000|00000007673954000104|RJ|21010410|RJ|00000000|CIF|01
02|01|00000000000000019059|01|01|20230117|00000000000000000000|00000007673954000104|RJ|21010410|RJ|00000000|CIF|01
03|00000000000000019059|01|01|         1430|0000000003|  28.90|N|    86.70|    86.70|00|00|00|00|00
03|00000000000000019059|01|01|         3076|0000000001|  58.53|N|    58.53|    58.53|00|00|00|00|00
02|01|00000000000000019063|01|01|20230117|00000000000000000000|00000036519400000155|RJ|21010410|RJ|00000000|CIF|01
03|00000000000000019063|01|01|         1430|0000000100|  22.90|N|  2290.00|  2290.00|00|00|00|00|00
02|01|00000000000000019065|01|01|20230118|00000000000000000000|00000007095945000183|RJ|21010410|RJ|00000000|CIF|01
03|00000000000000019065|01|01|         1430|0000000003|  32.15|N|    96.45|    96.45|00|00|00|00|00
02|01|00000000000000019068|01|01|20230118|00000000000000000000|00000009065524000135|RJ|21010410|RJ|00000000|CIF|01
03|00000000000000019068|01|01|         1430|0000000150|  21.20|N|  3180.00|  3180.00|00|00|00|00|00
02|01|00000000000000019070|01|01|20230118|00000000000000000000|00000005622046000166|RJ|21010410|RJ|00000000|CIF|01
03|00000000000000019070|01|01|         1430|0000000010|  21.49|N|   214.90|   214.90|00|00|00|00|00
02|01|00000000000000019074|01|01|20230119|00000000000000000000|00000000077115376700|RJ|21010410|RJ|00000000|CIF|01
03|00000000000000019074|01|01|         1430|0000000100|  20.90|N|  2090.00|  2090.00|00|00|00|00|00
02|01|00000000000000019077|01|01|20230119|00000000000000000000|00000001751533000178|RJ|21010410|RJ|00000000|CIF|01
03|00000000000000019077|01|01|         1430|0000000060|  21.60|N|  1296.00|  1296.00|00|00|00|00|00
02|01|00000000000000019080|01|01|20230119|00000000000000000000|00000033472200000104|RJ|21010410|RJ|00000000|CIF|01
03|00000000000000019080|01|01|         1430|0000000050|  21.90|N|  1095.00|  1095.00|00|00|00|00|00
02|01|00000000000000019081|01|01|20230119|00000000000000000000|00000014970374000144|RJ|21010410|RJ|00000000|CIF|01
03|00000000000000019081|01|01|         1430|0000000020|  21.20|N|   424.00|   424.00|00|00|00|00|00
02|01|00000000000000019085|01|01|20230123|00000000000000000000|00000030988604000159|RJ|21010410|RJ|00000000|CIF|01
03|00000000000000019085|01|01|         1430|0000000005|  21.90|N|   109.50|   109.50|00|00|00|00|00
02|01|00000000000000019086|01|01|20230123|00000000000000000000|00000005622046000166|RJ|21010410|RJ|00000000|CIF|01
03|00000000000000019086|01|01|         1430|0000000070|  21.49|N|  1504.30|  1504.30|00|00|00|00|00
02|01|00000000000000019089|01|01|20230123|00000000000000000000|00000015360767000280|RJ|21010410|RJ|00000000|CIF|01
02|01|00000000000000019089|01|01|20230123|00000000000000000000|00000015360767000280|RJ|21010410|RJ|00000000|CIF|01
02|01|00000000000000019089|01|01|20230123|00000000000000000000|00000015360767000280|RJ|21010410|RJ|00000000|CIF|01
02|01|00000000000000019089|01|01|20230123|00000000000000000000|00000015360767000280|RJ|21010410|RJ|00000000|CIF|01
02|01|00000000000000019089|01|01|20230123|00000000000000000000|00000015360767000280|RJ|21010410|RJ|00000000|CIF|01
02|01|00000000000000019089|01|01|20230123|00000000000000000000|00000015360767000280|RJ|21010410|RJ|00000000|CIF|01
03|00000000000000019089|01|01|         1429|0000000500|   4.55|N|  2275.00|  2275.00|00|00|00|00|00
03|00000000000000019089|01|01|         1430|0000000250|  19.85|N|  4962.50|  4962.50|00|00|00|00|00
03|00000000000000019089|01|01|         3715|0000000050|   4.84|N|   242.00|   242.00|00|00|00|00|00
03|00000000000000019089|01|01|         3716|0000000050|   4.84|N|   242.00|   242.00|00|00|00|00|00
03|00000000000000019089|01|01|         3717|0000000050|   4.84|N|   242.00|   242.00|00|00|00|00|00
03|00000000000000019089|01|01|         3746|0000000050|   4.84|N|   242.00|   242.00|00|00|00|00|00
02|01|00000000000000019090|01|01|20230123|00000000000000000000|00000015360767000360|RJ|21010410|RJ|00000000|CIF|01
02|01|00000000000000019090|01|01|20230123|00000000000000000000|00000015360767000360|RJ|21010410|RJ|00000000|CIF|01
02|01|00000000000000019090|01|01|20230123|00000000000000000000|00000015360767000360|RJ|21010410|RJ|00000000|CIF|01
02|01|00000000000000019090|01|01|20230123|00000000000000000000|00000015360767000360|RJ|21010410|RJ|00000000|CIF|01
02|01|00000000000000019090|01|01|20230123|00000000000000000000|00000015360767000360|RJ|21010410|RJ|00000000|CIF|01
02|01|00000000000000019090|01|01|20230123|00000000000000000000|00000015360767000360|RJ|21010410|RJ|00000000|CIF|01
03|00000000000000019090|01|01|         1429|0000000750|   4.55|N|  3412.50|  3412.50|00|00|00|00|00
03|00000000000000019090|01|01|         1430|0000000300|  19.85|N|  5955.00|  5955.00|00|00|00|00|00
03|00000000000000019090|01|01|         3715|0000000050|   4.84|N|   242.00|   242.00|00|00|00|00|00
03|00000000000000019090|01|01|         3716|0000000050|   4.84|N|   242.00|   242.00|00|00|00|00|00
03|00000000000000019090|01|01|         3717|0000000050|   4.84|N|   242.00|   242.00|00|00|00|00|00
03|00000000000000019090|01|01|         3746|0000000050|   4.84|N|   242.00|   242.00|00|00|00|00|00
02|01|00000000000000019104|01|01|20230124|00000000000000000000|00000039303070000154|RJ|21010410|RJ|00000000|CIF|01
03|00000000000000019104|01|01|         1430|0000000020|  24.98|N|   499.60|   499.60|00|00|00|00|00
02|01|00000000000000019111|01|01|20230124|00000000000000000000|00000005622046000166|RJ|21010410|RJ|00000000|CIF|01
03|00000000000000019111|01|01|         1430|0000000013|  24.16|N|   314.08|   314.08|00|00|00|00|00
02|01|00000000000000019113|01|01|20230125|00000000000000000000|00000073442782000192|RJ|21010410|RJ|00000000|CIF|01
03|00000000000000019113|01|01|         1430|0000000001|  27.60|N|    27.60|    27.60|00|00|00|00|00
02|01|00000000000000019116|01|01|20230125|00000000000000000000|00000029330086000100|RJ|21010410|RJ|00000000|CIF|01
03|00000000000000019116|01|01|        34932|0000000003|   6.00|N|    18.00|    18.00|00|00|00|00|00
02|01|00000000000000019120|01|01|20230126|00000000000000000000|00000032919936000107|RJ|21010410|RJ|00000000|CIF|01
03|00000000000000019120|01|01|         1430|0000000010|  26.90|N|   269.00|   269.00|00|00|00|00|00
02|01|00000000000000019121|01|01|20230126|00000000000000000000|00000033377249000170|RJ|21010410|RJ|00000000|CIF|01
03|00000000000000019121|01|01|        32365|0000000016|  13.98|N|   223.68|   223.68|00|00|00|00|00
02|01|00000000000000019122|01|01|20230126|00000000000000000000|00000039777776000158|RJ|21010410|RJ|00000000|CIF|01
02|01|00000000000000019122|01|01|20230126|00000000000000000000|00000039777776000158|RJ|21010410|RJ|00000000|CIF|01
03|00000000000000019122|01|01|        34933|0000000002|   7.12|N|    14.24|    14.24|00|00|00|00|00
03|00000000000000019122|01|01|        34934|0000000001|   8.80|N|     8.80|     8.80|00|00|00|00|00
02|01|00000000000000019123|01|01|20230126|00000000000000000000|00000027843077000180|RJ|21010410|RJ|00000000|CIF|01
02|01|00000000000000019123|01|01|20230126|00000000000000000000|00000027843077000180|RJ|21010410|RJ|00000000|CIF|01
03|00000000000000019123|01|01|         1425|0000000005|  25.26|N|   126.30|   126.30|00|00|00|00|00
03|00000000000000019123|01|01|         1430|0000000050|  21.90|N|  1095.00|  1095.00|00|00|00|00|00
02|01|00000000000000019124|01|01|20230126|00000000000000000000|00000004636451000170|RJ|21010410|RJ|00000000|CIF|01
03|00000000000000019124|01|01|         1430|0000000010|  26.90|N|   269.00|   269.00|00|00|00|00|00
02|01|00000000000000019127|01|01|20230126|00000000000000000000|00000030381073000131|RJ|21010410|RJ|00000000|CIF|01
02|01|00000000000000019127|01|01|20230126|00000000000000000000|00000030381073000131|RJ|21010410|RJ|00000000|CIF|01
03|00000000000000019127|01|01|         1430|0000000060|  21.90|N|  1314.00|  1314.00|00|00|00|00|00
03|00000000000000019127|01|01|        32365|0000000008|  14.98|N|   119.84|   119.84|00|00|00|00|00
02|01|00000000000000019134|01|01|20230126|00000000000000000000|00000006029385000104|RJ|21010410|RJ|00000000|CIF|01
03|00000000000000019134|01|01|         1430|0000000020|  21.90|N|   438.00|   438.00|00|00|00|00|00
02|01|00000000000000019135|01|01|20230126|00000000000000000000|00000013725103000160|RJ|21010410|RJ|00000000|CIF|01
03|00000000000000019135|01|01|         1430|0000000020|  26.90|N|   538.00|   538.00|00|00|00|00|00
02|01|00000000000000019139|01|01|20230127|00000000000000000000|00000040879619000132|RJ|21010410|RJ|00000000|CIF|01
03|00000000000000019139|01|01|         1430|0000000206|  20.90|N|  4305.40|  4305.40|00|00|00|00|00
02|01|00000000000000019140|01|01|20230127|00000000000000000000|00000028530025000116|RJ|21010410|RJ|00000000|CIF|01
03|00000000000000019140|01|01|         1430|0000000150|  24.90|N|  3735.00|  3735.00|00|00|00|00|00
02|01|00000000000000019141|01|01|20230127|00000000000000000000|00000012363684000175|RJ|21010410|RJ|00000000|CIF|01
03|00000000000000019141|01|01|         1430|0000000010|  24.16|N|   241.60|   241.60|00|00|00|00|00
02|01|00000000000000019143|01|01|20230127|00000000000000000000|00000042828791000192|RJ|21010410|RJ|00000000|CIF|01
02|01|00000000000000019143|01|01|20230127|00000000000000000000|00000042828791000192|RJ|21010410|RJ|00000000|CIF|01
02|01|00000000000000019143|01|01|20230127|00000000000000000000|00000042828791000192|RJ|21010410|RJ|00000000|CIF|01
02|01|00000000000000019143|01|01|20230127|00000000000000000000|00000042828791000192|RJ|21010410|RJ|00000000|CIF|01
03|00000000000000019143|01|01|         3123|0000000001|  27.78|N|    27.78|    27.78|00|00|00|00|00
03|00000000000000019143|01|01|         3715|0000000005|   5.61|N|    28.05|    28.05|00|00|00|00|00
03|00000000000000019143|01|01|         3716|0000000005|   5.61|N|    28.05|    28.05|00|00|00|00|00
03|00000000000000019143|01|01|         3717|0000000005|   5.61|N|    28.05|    28.05|00|00|00|00|00
02|01|00000000000000019144|01|01|20230127|00000000000000000000|00000042828791000192|RJ|21010410|RJ|00000000|CIF|01
02|01|00000000000000019144|01|01|20230127|00000000000000000000|00000042828791000192|RJ|21010410|RJ|00000000|CIF|01
02|01|00000000000000019144|01|01|20230127|00000000000000000000|00000042828791000192|RJ|21010410|RJ|00000000|CIF|01
02|01|00000000000000019144|01|01|20230127|00000000000000000000|00000042828791000192|RJ|21010410|RJ|00000000|CIF|01
03|00000000000000019144|01|01|         3715|0000000010|   5.61|N|    56.10|    56.10|00|00|00|00|00
03|00000000000000019144|01|01|         3716|0000000010|   5.61|N|    56.10|    56.10|00|00|00|00|00
03|00000000000000019144|01|01|         3717|0000000010|   5.61|N|    56.10|    56.10|00|00|00|00|00
03|00000000000000019144|01|01|         3746|0000000010|   5.61|N|    56.10|    56.10|00|00|00|00|00
02|01|00000000000000019146|01|01|20230127|00000000000000000000|00000000014067996705|RJ|21010410|RJ|00000000|CIF|01
02|01|00000000000000019146|01|01|20230127|00000000000000000000|00000000014067996705|RJ|21010410|RJ|00000000|CIF|01
02|01|00000000000000019146|01|01|20230127|00000000000000000000|00000000014067996705|RJ|21010410|RJ|00000000|CIF|01
02|01|00000000000000019146|01|01|20230127|00000000000000000000|00000000014067996705|RJ|21010410|RJ|00000000|CIF|01
03|00000000000000019146|01|01|         1430|0000000002|  24.16|N|    48.32|    48.32|00|00|00|00|00
03|00000000000000019146|01|01|         3715|0000000001|   4.84|N|     4.84|     4.84|00|00|00|00|00
03|00000000000000019146|01|01|         3716|0000000001|   4.84|N|     4.84|     4.84|00|00|00|00|00
03|00000000000000019146|01|01|         3717|0000000001|   4.84|N|     4.84|     4.84|00|00|00|00|00
02|01|00000000000000019150|01|01|20230127|00000000000000000000|00000005622093000100|RJ|21010410|RJ|00000000|CIF|01
03|00000000000000019150|01|01|         1430|0000000030|  25.90|N|   777.00|   777.00|00|00|00|00|00
02|01|00000000000000019151|01|01|20230127|00000000000000000000|00000000028503597772|RJ|21010410|RJ|00000000|CIF|01
03|00000000000000019151|01|01|         1430|0000000020|  24.16|N|   483.20|   483.20|00|00|00|00|00
02|01|00000000000000019152|01|01|20230127|00000000000000000000|00000009637385000339|RJ|21010410|RJ|00000000|CIF|01
03|00000000000000019152|01|01|         1430|0000000003|  27.60|N|    82.80|    82.80|00|00|00|00|00
02|01|00000000000000019154|01|01|20230130|00000000000000000000|00000030301052000169|RJ|21010410|RJ|00000000|CIF|01
03|00000000000000019154|01|01|          229|0000000006|  23.55|N|   141.30|   141.30|00|00|00|00|00
02|01|00000000000000019156|01|01|20230130|00000000000000000000|00000032002174000180|RJ|21010410|RJ|00000000|CIF|01
03|00000000000000019156|01|01|         1430|0000000010|  23.20|N|   232.00|   232.00|00|00|00|00|00
02|01|00000000000000019157|01|01|20230130|00000000000000000000|00000002751591000164|RJ|21010410|RJ|00000000|CIF|01
02|01|00000000000000019157|01|01|20230130|00000000000000000000|00000002751591000164|RJ|21010410|RJ|00000000|CIF|01
03|00000000000000019157|01|01|         1430|0000000250|  21.50|N|  5375.00|  5375.00|00|00|00|00|00
03|00000000000000019157|01|01|         3076|0000000025|  44.20|N|  1105.00|  1105.00|00|00|00|00|00
02|01|00000000000000019158|01|01|20230130|00000000000000000000|00000035782101000146|RJ|21010410|RJ|00000000|CIF|01
02|01|00000000000000019158|01|01|20230130|00000000000000000000|00000035782101000146|RJ|21010410|RJ|00000000|CIF|01
02|01|00000000000000019158|01|01|20230130|00000000000000000000|00000035782101000146|RJ|21010410|RJ|00000000|CIF|01
02|01|00000000000000019158|01|01|20230130|00000000000000000000|00000035782101000146|RJ|21010410|RJ|00000000|CIF|01
02|01|00000000000000019158|01|01|20230130|00000000000000000000|00000035782101000146|RJ|21010410|RJ|00000000|CIF|01
03|00000000000000019158|01|01|         3713|0000000050|   4.84|N|   242.00|   242.00|00|00|00|00|00
03|00000000000000019158|01|01|         3715|0000000050|   4.84|N|   242.00|   242.00|00|00|00|00|00
03|00000000000000019158|01|01|         3716|0000000050|   4.84|N|   242.00|   242.00|00|00|00|00|00
03|00000000000000019158|01|01|         3717|0000000050|   4.84|N|   242.00|   242.00|00|00|00|00|00
03|00000000000000019158|01|01|         3746|0000000050|   4.84|N|   242.00|   242.00|00|00|00|00|00
02|01|00000000000000019161|01|01|20230130|00000000000000000000|00000010845031000105|RJ|21010410|RJ|00000000|CIF|01
03|00000000000000019161|01|01|         1430|0000000050|  24.40|N|  1220.00|  1220.00|00|00|00|00|00
02|01|00000000000000019179|01|01|20230131|00000000000000000000|00000005120086000100|RJ|21010410|RJ|00000000|CIF|01
03|00000000000000019179|01|01|         1430|0000000500|  21.90|N| 10950.00| 10950.00|00|00|00|00|00
02|01|00000000000000019180|01|01|20230131|00000000000000000000|00000000082124043749|RJ|21010410|RJ|00000000|CIF|01
03|00000000000000019180|01|01|         1430|0000000070|  20.90|N|  1463.00|  1463.00|00|00|00|00|00
02|01|00000000000000019183|01|01|20230131|00000000000000000000|00000013725103000160|RJ|21010410|RJ|00000000|CIF|01
03|00000000000000019183|01|01|         1430|0000000020|  26.90|N|   538.00|   538.00|00|00|00|00|00
02|01|00000000000000019186|01|01|20230131|00000000000000000000|00000008091717000106|RJ|21010410|RJ|00000000|CIF|01
03|00000000000000019186|01|01|         4791|0000000014|  53.03|N|   742.42|   742.42|00|00|00|00|00
02|01|00000000000000019187|01|01|20230131|00000000000000000000|00000021349855000100|RJ|21010410|RJ|00000000|CIF|01
02|01|00000000000000019187|01|01|20230131|00000000000000000000|00000021349855000100|RJ|21010410|RJ|00000000|CIF|01
02|01|00000000000000019187|01|01|20230131|00000000000000000000|00000021349855000100|RJ|21010410|RJ|00000000|CIF|01
02|01|00000000000000019187|01|01|20230131|00000000000000000000|00000021349855000100|RJ|21010410|RJ|00000000|CIF|01
02|01|00000000000000019187|01|01|20230131|00000000000000000000|00000021349855000100|RJ|21010410|RJ|00000000|CIF|01
03|00000000000000019187|01|01|         1430|0000000030|  24.16|N|   724.80|   724.80|00|00|00|00|00
03|00000000000000019187|01|01|         3715|0000000001|   4.94|N|     4.94|     4.94|00|00|00|00|00
03|00000000000000019187|01|01|         3716|0000000001|   4.94|N|     4.94|     4.94|00|00|00|00|00
03|00000000000000019187|01|01|         3717|0000000001|   4.94|N|     4.94|     4.94|00|00|00|00|00
03|00000000000000019187|01|01|         3746|0000000001|   4.94|N|     4.94|     4.94|00|00|00|00|00
02|01|00000000000000019188|01|01|20230131|00000000000000000000|00000000007552865709|RJ|21010410|RJ|00000000|CIF|01
03|00000000000000019188|01|01|         1430|0000000050|  21.20|N|  1060.00|  1060.00|00|00|00|00|00
02|01|00000000000000019189|01|01|20230131|00000000000000000000|00000022065040000154|RJ|21010410|RJ|00000000|CIF|01
03|00000000000000019189|01|01|         1430|0000000010|  22.80|N|   228.00|   228.00|00|00|00|00|00
02|01|00000000000000019193|01|01|20230131|00000000000000000000|00000020443377000122|RJ|21010410|RJ|00000000|CIF|01
03|00000000000000019193|01|01|         1430|0000000010|  26.90|N|   269.00|   269.00|00|00|00|00|00
02|01|00000000000000019194|01|01|20230131|00000000000000000000|00000029340323000106|RJ|21010410|RJ|00000000|CIF|01
03|00000000000000019194|01|01|         1430|0000000300|  21.50|N|  6450.00|  6450.00|00|00|00|00|00
02|01|00000000000000019197|01|01|20230131|00000000000000000000|00000005622046000166|RJ|21010410|RJ|00000000|CIF|01
03|00000000000000019197|01|01|         1430|0000000010|  22.80|N|   228.00|   228.00|00|00|00|00|00
02|01|00000000000000019200|01|01|20230131|00000000000000000000|00000009065524000135|RJ|21010410|RJ|00000000|CIF|01
03|00000000000000019200|01|01|         1430|0000000100|  21.20|N|  2120.00|  2120.00|00|00|00|00|00
02|01|00000000000000019204|01|01|20230131|00000000000000000000|00000006347956000140|RJ|21010410|RJ|00000000|CIF|01
03|00000000000000019204|01|01|         1430|0000000050|  22.80|N|  1140.00|  1140.00|00|00|00|00|00

