01|VENDAS|050||202303220137|20230322|20230322|22013079000128|07216054000138
02|01|00000000000000014429|01|01|20230201|00000000000000000000|00000000011111111111|RJ|21010410|RJ|00000000|CIF|01
03|00000000000000014429|01|01|         1430|0000000001|  27.60|N|    27.60|    27.60|00|00|00|00|00
02|01|00000000000000014430|01|01|20230201|00000000000000000000|00000000011111111111|RJ|21010410|RJ|00000000|CIF|01
03|00000000000000014430|01|01|         1430|0000000002|  27.60|N|    55.20|    55.20|00|00|00|00|00
02|01|00000000000000014434|01|01|20230201|00000000000000000000|00000000011111111111|RJ|21010410|RJ|00000000|CIF|01
03|00000000000000014434|01|01|         1430|0000000001|  27.60|N|    27.60|    27.60|00|00|00|00|00
02|01|00000000000000014435|01|01|20230201|00000000000000000000|00000000011111111111|RJ|21010410|RJ|00000000|CIF|01
03|00000000000000014435|01|01|         1430|0000000001|  27.60|N|    27.60|    27.60|00|00|00|00|00
02|01|00000000000000014437|01|01|20230201|00000000000000000000|00000000011111111111|RJ|21010410|RJ|00000000|CIF|01
03|00000000000000014437|01|01|         1430|0000000001|  27.60|N|    27.60|    27.60|00|00|00|00|00
02|01|00000000000000014438|01|01|20230201|00000000000000000000|00000000011111111111|RJ|21010410|RJ|00000000|CIF|01
03|00000000000000014438|01|01|         1430|0000000009|  26.22|N|   235.98|   235.98|00|00|00|00|00
02|01|00000000000000014440|01|01|20230201|00000000000000000000|00000000011111111111|RJ|21010410|RJ|00000000|CIF|01
03|00000000000000014440|01|01|         1928|0000000001|  27.22|N|    27.22|    27.22|00|00|00|00|00
02|01|00000000000000014444|01|01|20230201|00000000000000000000|00000000011111111111|RJ|21010410|RJ|00000000|CIF|01
02|01|00000000000000014444|01|01|20230201|00000000000000000000|00000000011111111111|RJ|21010410|RJ|00000000|CIF|01
02|01|00000000000000014444|01|01|20230201|00000000000000000000|00000000011111111111|RJ|21010410|RJ|00000000|CIF|01
03|00000000000000014444|01|01|         1429|0000000002|   3.83|N|     7.65|     7.65|00|00|00|00|00
03|00000000000000014444|01|01|         1430|0000000001|  20.70|N|    20.70|    20.70|00|00|00|00|00
03|00000000000000014444|01|01|         3716|0000000001|   4.08|N|     4.08|     4.08|00|00|00|00|00
02|01|00000000000000014445|01|01|20230201|00000000000000000000|00000000011111111111|RJ|21010410|RJ|00000000|CIF|01
03|00000000000000014445|01|01|         1430|0000000002|  27.60|N|    55.20|    55.20|00|00|00|00|00
02|01|00000000000000014446|01|01|20230201|00000000000000000000|00000000011111111111|RJ|21010410|RJ|00000000|CIF|01
02|01|00000000000000014446|01|01|20230201|00000000000000000000|00000000011111111111|RJ|21010410|RJ|00000000|CIF|01
02|01|00000000000000014446|01|01|20230201|00000000000000000000|00000000011111111111|RJ|21010410|RJ|00000000|CIF|01
02|01|00000000000000014446|01|01|20230201|00000000000000000000|00000000011111111111|RJ|21010410|RJ|00000000|CIF|01
03|00000000000000014446|01|01|          232|0000000001|  26.96|N|    26.96|    26.96|00|00|00|00|00
03|00000000000000014446|01|01|         1429|0000000003|   5.10|N|    15.30|    15.30|00|00|00|00|00
03|00000000000000014446|01|01|         1430|0000000002|  27.60|N|    55.20|    55.20|00|00|00|00|00
03|00000000000000014446|01|01|         3716|0000000001|   5.44|N|     5.44|     5.44|00|00|00|00|00
02|01|00000000000000014451|01|01|20230201|00000000000000000000|00000000011111111111|RJ|21010410|RJ|00000000|CIF|01
03|00000000000000014451|01|01|         1430|0000000004|  26.22|N|   104.88|   104.88|00|00|00|00|00
02|01|00000000000000014452|01|01|20230201|00000000000000000000|00000000011111111111|RJ|21010410|RJ|00000000|CIF|01
03|00000000000000014452|01|01|         1430|0000000002|  27.60|N|    55.20|    55.20|00|00|00|00|00
02|01|00000000000000014457|01|01|20230201|00000000000000000000|00000000011111111111|RJ|21010410|RJ|00000000|CIF|01
03|00000000000000014457|01|01|         3077|0000000001|  29.68|N|    29.68|    29.68|00|00|00|00|00
02|01|00000000000000014460|01|01|20230202|00000000000000000000|00000000011111111111|RJ|21010410|RJ|00000000|CIF|01
03|00000000000000014460|01|01|         1430|0000000001|  27.60|N|    27.60|    27.60|00|00|00|00|00
02|01|00000000000000014461|01|01|20230202|00000000000000000000|00000000011111111111|RJ|21010410|RJ|00000000|CIF|01
03|00000000000000014461|01|01|         3076|0000000001|  50.40|N|    50.40|    50.40|00|00|00|00|00
02|01|00000000000000014462|01|01|20230202|00000000000000000000|00000000011111111111|RJ|21010410|RJ|00000000|CIF|01
03|00000000000000014462|01|01|         1430|0000000002|  27.60|N|    55.20|    55.20|00|00|00|00|00
02|01|00000000000000014469|01|01|20230202|00000000000000000000|00000000011111111111|RJ|21010410|RJ|00000000|CIF|01
03|00000000000000014469|01|01|         1430|0000000001|  27.60|N|    27.60|    27.60|00|00|00|00|00
02|01|00000000000000014476|01|01|20230202|00000000000000000000|00000000011111111111|RJ|21010410|RJ|00000000|CIF|01
03|00000000000000014476|01|01|         1429|0000000001|   5.10|N|     5.10|     5.10|00|00|00|00|00
02|01|00000000000000014484|01|01|20230202|00000000000000000000|00000000011111111111|RJ|21010410|RJ|00000000|CIF|01
03|00000000000000014484|01|01|         1430|0000000002|  27.60|N|    55.20|    55.20|00|00|00|00|00
02|01|00000000000000014486|01|01|20230202|00000000000000000000|00000000011111111111|RJ|21010410|RJ|00000000|CIF|01
03|00000000000000014486|01|01|         1429|0000000001|   5.10|N|     5.10|     5.10|00|00|00|00|00
02|01|00000000000000014495|01|01|20230202|00000000000000000000|00000000011111111111|RJ|21010410|RJ|00000000|CIF|01
03|00000000000000014495|01|01|         1429|0000000001|   5.10|N|     5.10|     5.10|00|00|00|00|00
02|01|00000000000000014501|01|01|20230203|00000000000000000000|00000000011111111111|RJ|21010410|RJ|00000000|CIF|01
03|00000000000000014501|01|01|         3076|0000000001|  50.40|N|    50.40|    50.40|00|00|00|00|00
02|01|00000000000000014502|01|01|20230203|00000000000000000000|00000000011111111111|RJ|21010410|RJ|00000000|CIF|01
03|00000000000000014502|01|01|         1430|0000000006|  27.60|N|   165.60|   165.60|00|00|00|00|00
02|01|00000000000000014522|01|01|20230203|00000000000000000000|00000000011111111111|RJ|21010410|RJ|00000000|CIF|01
03|00000000000000014522|01|01|         1430|0000000001|  26.22|N|    26.22|    26.22|00|00|00|00|00
02|01|00000000000000014532|01|01|20230203|00000000000000000000|00000000011111111111|RJ|21010410|RJ|00000000|CIF|01
02|01|00000000000000014532|01|01|20230203|00000000000000000000|00000000011111111111|RJ|21010410|RJ|00000000|CIF|01
03|00000000000000014532|01|01|         3715|0000000001|   5.44|N|     5.44|     5.44|00|00|00|00|00
03|00000000000000014532|01|01|         3717|0000000001|   5.44|N|     5.44|     5.44|00|00|00|00|00
02|01|00000000000000014536|01|01|20230203|00000000000000000000|00000000011111111111|RJ|21010410|RJ|00000000|CIF|01
03|00000000000000014536|01|01|         1928|0000000002|  30.24|N|    60.48|    60.48|00|00|00|00|00
02|01|00000000000000014551|01|01|20230206|00000000000000000000|00000000011111111111|RJ|21010410|RJ|00000000|CIF|01
03|00000000000000014551|01|01|         1430|0000000001|  27.60|N|    27.60|    27.60|00|00|00|00|00
02|01|00000000000000014556|01|01|20230206|00000000000000000000|00000000011111111111|RJ|21010410|RJ|00000000|CIF|01
03|00000000000000014556|01|01|         1928|0000000002|  30.24|N|    60.48|    60.48|00|00|00|00|00
02|01|00000000000000014590|01|01|20230207|00000000000000000000|00000000011111111111|RJ|21010410|RJ|00000000|CIF|01
03|00000000000000014590|01|01|         1430|0000000001|  20.91|N|    20.91|    20.91|00|00|00|00|00
02|01|00000000000000014593|01|01|20230207|00000000000000000000|00000000011111111111|RJ|21010410|RJ|00000000|CIF|01
03|00000000000000014593|01|01|         1928|0000000002|  33.45|N|    66.90|    66.90|00|00|00|00|00
02|01|00000000000000014603|01|01|20230207|00000000000000000000|00000000011111111111|RJ|21010410|RJ|00000000|CIF|01
03|00000000000000014603|01|01|         1430|0000000002|  22.30|N|    44.60|    44.60|00|00|00|00|00
02|01|00000000000000014611|01|01|20230208|00000000000000000000|00000000011111111111|RJ|21010410|RJ|00000000|CIF|01
03|00000000000000014611|01|01|         1430|0000000001|  27.87|N|    27.87|    27.87|00|00|00|00|00
02|01|00000000000000014613|01|01|20230208|00000000000000000000|00000000011111111111|RJ|21010410|RJ|00000000|CIF|01
03|00000000000000014613|01|01|         3717|0000000001|   5.44|N|     5.44|     5.44|00|00|00|00|00
02|01|00000000000000014615|01|01|20230208|00000000000000000000|00000000011111111111|RJ|21010410|RJ|00000000|CIF|01
03|00000000000000014615|01|01|         3076|0000000001|  55.74|N|    55.74|    55.74|00|00|00|00|00
02|01|00000000000000014618|01|01|20230208|00000000000000000000|00000000011111111111|RJ|21010410|RJ|00000000|CIF|01
03|00000000000000014618|01|01|         1430|0000000010|  23.69|N|   236.90|   236.90|00|00|00|00|00
02|01|00000000000000014620|01|01|20230208|00000000000000000000|00000000011111111111|RJ|21010410|RJ|00000000|CIF|01
03|00000000000000014620|01|01|         1430|0000000010|  27.87|N|   278.70|   278.70|00|00|00|00|00
02|01|00000000000000014623|01|01|20230208|00000000000000000000|00000000011111111111|RJ|21010410|RJ|00000000|CIF|01
03|00000000000000014623|01|01|         1430|0000000002|  27.87|N|    55.74|    55.74|00|00|00|00|00
02|01|00000000000000014625|01|01|20230208|00000000000000000000|00000000011111111111|RJ|21010410|RJ|00000000|CIF|01
03|00000000000000014625|01|01|         1430|0000000001|  27.87|N|    27.87|    27.87|00|00|00|00|00
02|01|00000000000000014635|01|01|20230208|00000000000000000000|00000000011111111111|RJ|21010410|RJ|00000000|CIF|01
03|00000000000000014635|01|01|         1430|0000000001|  27.87|N|    27.87|    27.87|00|00|00|00|00
02|01|00000000000000014636|01|01|20230208|00000000000000000000|00000000011111111111|RJ|21010410|RJ|00000000|CIF|01
03|00000000000000014636|01|01|         1430|0000000001|  27.87|N|    27.87|    27.87|00|00|00|00|00
02|01|00000000000000014638|01|01|20230208|00000000000000000000|00000000011111111111|RJ|21010410|RJ|00000000|CIF|01
03|00000000000000014638|01|01|         1429|0000000001|   5.10|N|     5.10|     5.10|00|00|00|00|00
02|01|00000000000000014657|01|01|20230209|00000000000000000000|00000000011111111111|RJ|21010410|RJ|00000000|CIF|01
03|00000000000000014657|01|01|         3716|0000000014|   5.44|N|    76.16|    76.16|00|00|00|00|00
02|01|00000000000000014666|01|01|20230209|00000000000000000000|00000000011111111111|RJ|21010410|RJ|00000000|CIF|01
03|00000000000000014666|01|01|         1430|0000000001|  27.87|N|    27.87|    27.87|00|00|00|00|00
02|01|00000000000000014668|01|01|20230209|00000000000000000000|00000000011111111111|RJ|21010410|RJ|00000000|CIF|01
02|01|00000000000000014668|01|01|20230209|00000000000000000000|00000000011111111111|RJ|21010410|RJ|00000000|CIF|01
02|01|00000000000000014668|01|01|20230209|00000000000000000000|00000000011111111111|RJ|21010410|RJ|00000000|CIF|01
03|00000000000000014668|01|01|          229|0000000001|  26.96|N|    26.96|    26.96|00|00|00|00|00
03|00000000000000014668|01|01|         1430|0000000003|  27.87|N|    83.61|    83.61|00|00|00|00|00
03|00000000000000014668|01|01|         1928|0000000002|  33.45|N|    66.90|    66.90|00|00|00|00|00
02|01|00000000000000014679|01|01|20230210|00000000000000000000|00000000011111111111|RJ|21010410|RJ|00000000|CIF|01
03|00000000000000014679|01|01|         1430|0000000001|  27.87|N|    27.87|    27.87|00|00|00|00|00
02|01|00000000000000014686|01|01|20230210|00000000000000000000|00000000011111111111|RJ|21010410|RJ|00000000|CIF|01
02|01|00000000000000014686|01|01|20230210|00000000000000000000|00000000011111111111|RJ|21010410|RJ|00000000|CIF|01
03|00000000000000014686|01|01|          228|0000000009|  26.96|N|   242.64|   242.64|00|00|00|00|00
03|00000000000000014686|01|01|         3713|0000000005|   3.98|N|    19.90|    19.90|00|00|00|00|00
02|01|00000000000000014688|01|01|20230210|00000000000000000000|00000000011111111111|RJ|21010410|RJ|00000000|CIF|01
03|00000000000000014688|01|01|         1430|0000000001|  27.87|N|    27.87|    27.87|00|00|00|00|00
02|01|00000000000000014693|01|01|20230210|00000000000000000000|00000000011111111111|RJ|21010410|RJ|00000000|CIF|01
03|00000000000000014693|01|01|         1430|0000000001|  27.87|N|    27.87|    27.87|00|00|00|00|00
02|01|00000000000000014695|01|01|20230210|00000000000000000000|00000000011111111111|RJ|21010410|RJ|00000000|CIF|01
03|00000000000000014695|01|01|         1430|0000000001|  27.87|N|    27.87|    27.87|00|00|00|00|00
02|01|00000000000000014696|01|01|20230210|00000000000000000000|00000000011111111111|RJ|21010410|RJ|00000000|CIF|01
03|00000000000000014696|01|01|         1429|0000000001|   5.10|N|     5.10|     5.10|00|00|00|00|00
02|01|00000000000000014707|01|01|20230213|00000000000000000000|00000000011111111111|RJ|21010410|RJ|00000000|CIF|01
03|00000000000000014707|01|01|         1430|0000000002|  27.87|N|    55.74|    55.74|00|00|00|00|00
02|01|00000000000000014709|01|01|20230213|00000000000000000000|00000000011111111111|RJ|21010410|RJ|00000000|CIF|01
03|00000000000000014709|01|01|         1430|0000000001|  27.87|N|    27.87|    27.87|00|00|00|00|00
02|01|00000000000000014714|01|01|20230213|00000000000000000000|00000000011111111111|RJ|21010410|RJ|00000000|CIF|01
02|01|00000000000000014714|01|01|20230213|00000000000000000000|00000000011111111111|RJ|21010410|RJ|00000000|CIF|01
03|00000000000000014714|01|01|         1430|0000000001|  27.87|N|    27.87|    27.87|00|00|00|00|00
03|00000000000000014714|01|01|        34932|0000000001|   6.96|N|     6.96|     6.96|00|00|00|00|00
02|01|00000000000000014722|01|01|20230213|00000000000000000000|00000000011111111111|RJ|21010410|RJ|00000000|CIF|01
03|00000000000000014722|01|01|         1430|0000000002|  27.87|N|    55.74|    55.74|00|00|00|00|00
02|01|00000000000000014725|01|01|20230213|00000000000000000000|00000000011111111111|RJ|21010410|RJ|00000000|CIF|01
02|01|00000000000000014725|01|01|20230213|00000000000000000000|00000000011111111111|RJ|21010410|RJ|00000000|CIF|01
02|01|00000000000000014725|01|01|20230213|00000000000000000000|00000000011111111111|RJ|21010410|RJ|00000000|CIF|01
03|00000000000000014725|01|01|         3713|0000000001|   3.98|N|     3.98|     3.98|00|00|00|00|00
03|00000000000000014725|01|01|         3713|0000000006|   3.98|N|    23.88|    23.88|00|00|00|00|00
03|00000000000000014725|01|01|         3717|0000000004|   5.44|N|    21.76|    21.76|00|00|00|00|00
02|01|00000000000000014734|01|01|20230214|00000000000000000000|00000000011111111111|RJ|21010410|RJ|00000000|CIF|01
03|00000000000000014734|01|01|         1430|0000000002|  27.87|N|    55.74|    55.74|00|00|00|00|00
02|01|00000000000000014742|01|01|20230214|00000000000000000000|00000000011111111111|RJ|21010410|RJ|00000000|CIF|01
03|00000000000000014742|01|01|         3076|0000000003|  44.59|N|   133.78|   133.78|00|00|00|00|00
02|01|00000000000000014743|01|01|20230214|00000000000000000000|00000000011111111111|RJ|21010410|RJ|00000000|CIF|01
03|00000000000000014743|01|01|         1430|0000000003|  27.87|N|    83.61|    83.61|00|00|00|00|00
02|01|00000000000000014752|01|01|20230214|00000000000000000000|00000000011111111111|RJ|21010410|RJ|00000000|CIF|01
03|00000000000000014752|01|01|         1430|0000000001|  27.87|N|    27.87|    27.87|00|00|00|00|00
02|01|00000000000000014755|01|01|20230214|00000000000000000000|00000000011111111111|RJ|21010410|RJ|00000000|CIF|01
03|00000000000000014755|01|01|         1430|0000000002|  27.87|N|    55.74|    55.74|00|00|00|00|00
02|01|00000000000000014762|01|01|20230215|00000000000000000000|00000000011111111111|RJ|21010410|RJ|00000000|CIF|01
02|01|00000000000000014762|01|01|20230215|00000000000000000000|00000000011111111111|RJ|21010410|RJ|00000000|CIF|01
02|01|00000000000000014762|01|01|20230215|00000000000000000000|00000000011111111111|RJ|21010410|RJ|00000000|CIF|01
03|00000000000000014762|01|01|         1429|0000000015|   5.10|N|    76.50|    76.50|00|00|00|00|00
03|00000000000000014762|01|01|         1928|0000000001|  33.45|N|    33.45|    33.45|00|00|00|00|00
03|00000000000000014762|01|01|         3717|0000000005|   5.44|N|    27.20|    27.20|00|00|00|00|00
02|01|00000000000000014763|01|01|20230215|00000000000000000000|00000000011111111111|RJ|21010410|RJ|00000000|CIF|01
03|00000000000000014763|01|01|         1430|0000000002|  27.87|N|    55.74|    55.74|00|00|00|00|00
02|01|00000000000000014767|01|01|20230215|00000000000000000000|00000000011111111111|RJ|21010410|RJ|00000000|CIF|01
03|00000000000000014767|01|01|         1928|0000000001|  33.45|N|    33.45|    33.45|00|00|00|00|00
02|01|00000000000000014772|01|01|20230215|00000000000000000000|00000000011111111111|RJ|21010410|RJ|00000000|CIF|01
03|00000000000000014772|01|01|         1430|0000000001|  27.87|N|    27.87|    27.87|00|00|00|00|00
02|01|00000000000000014779|01|01|20230215|00000000000000000000|00000000011111111111|RJ|21010410|RJ|00000000|CIF|01
03|00000000000000014779|01|01|         1430|0000000002|  27.87|N|    55.74|    55.74|00|00|00|00|00
02|01|00000000000000014783|01|01|20230216|00000000000000000000|00000000011111111111|RJ|21010410|RJ|00000000|CIF|01
03|00000000000000014783|01|01|          231|0000000004|  26.96|N|   107.84|   107.84|00|00|00|00|00
02|01|00000000000000014784|01|01|20230216|00000000000000000000|00000000011111111111|RJ|21010410|RJ|00000000|CIF|01
03|00000000000000014784|01|01|         1430|0000000004|  25.64|N|   102.56|   102.56|00|00|00|00|00
02|01|00000000000000014786|01|01|20230216|00000000000000000000|00000000011111111111|RJ|21010410|RJ|00000000|CIF|01
03|00000000000000014786|01|01|         1430|0000000003|  27.87|N|    83.61|    83.61|00|00|00|00|00
02|01|00000000000000014805|01|01|20230217|00000000000000000000|00000000011111111111|RJ|21010410|RJ|00000000|CIF|01
03|00000000000000014805|01|01|         1430|0000000001|  25.09|N|    25.09|    25.09|00|00|00|00|00
02|01|00000000000000014806|01|01|20230217|00000000000000000000|00000000011111111111|RJ|21010410|RJ|00000000|CIF|01
03|00000000000000014806|01|01|         3717|0000000002|   4.90|N|     9.79|     9.79|00|00|00|00|00
02|01|00000000000000014811|01|01|20230222|00000000000000000000|00000000011111111111|RJ|21010410|RJ|00000000|CIF|01
03|00000000000000014811|01|01|         1429|0000000001|   5.10|N|     5.10|     5.10|00|00|00|00|00
02|01|00000000000000014818|01|01|20230222|00000000000000000000|00000000011111111111|RJ|21010410|RJ|00000000|CIF|01
03|00000000000000014818|01|01|         1430|0000000001|  27.87|N|    27.87|    27.87|00|00|00|00|00
02|01|00000000000000014819|01|01|20230222|00000000000000000000|00000000011111111111|RJ|21010410|RJ|00000000|CIF|01
03|00000000000000014819|01|01|         1430|0000000001|  27.87|N|    27.87|    27.87|00|00|00|00|00
02|01|00000000000000014822|01|01|20230222|00000000000000000000|00000000011111111111|RJ|21010410|RJ|00000000|CIF|01
03|00000000000000014822|01|01|         1430|0000000002|  27.87|N|    55.74|    55.74|00|00|00|00|00
02|01|00000000000000014824|01|01|20230222|00000000000000000000|00000000011111111111|RJ|21010410|RJ|00000000|CIF|01
03|00000000000000014824|01|01|         1430|0000000001|  27.87|N|    27.87|    27.87|00|00|00|00|00
02|01|00000000000000014827|01|01|20230223|00000000000000000000|00000000011111111111|RJ|21010410|RJ|00000000|CIF|01
03|00000000000000014827|01|01|         1430|0000000002|  26.48|N|    52.95|    52.95|00|00|00|00|00
02|01|00000000000000014841|01|01|20230224|00000000000000000000|00000000011111111111|RJ|21010410|RJ|00000000|CIF|01
03|00000000000000014841|01|01|         1928|0000000012|  33.45|N|   401.40|   401.40|00|00|00|00|00
02|01|00000000000000014848|01|01|20230224|00000000000000000000|00000000011111111111|RJ|21010410|RJ|00000000|CIF|01
03|00000000000000014848|01|01|         1430|0000000001|  27.87|N|    27.87|    27.87|00|00|00|00|00
02|01|00000000000000014851|01|01|20230224|00000000000000000000|00000000011111111111|RJ|21010410|RJ|00000000|CIF|01
03|00000000000000014851|01|01|         1430|0000000001|  27.87|N|    27.87|    27.87|00|00|00|00|00
02|01|00000000000000014860|01|01|20230227|00000000000000000000|00000000011111111111|RJ|21010410|RJ|00000000|CIF|01
03|00000000000000014860|01|01|         1430|0000000003|  27.87|N|    83.61|    83.61|00|00|00|00|00
02|01|00000000000000014861|01|01|20230227|00000000000000000000|00000000011111111111|RJ|21010410|RJ|00000000|CIF|01
03|00000000000000014861|01|01|         1430|0000000001|  27.87|N|    27.87|    27.87|00|00|00|00|00
02|01|00000000000000014863|01|01|20230227|00000000000000000000|00000000011111111111|RJ|21010410|RJ|00000000|CIF|01
03|00000000000000014863|01|01|         1430|0000000003|  27.87|N|    83.61|    83.61|00|00|00|00|00
02|01|00000000000000014864|01|01|20230227|00000000000000000000|00000000011111111111|RJ|21010410|RJ|00000000|CIF|01
03|00000000000000014864|01|01|         1430|0000000002|  26.48|N|    52.95|    52.95|00|00|00|00|00
02|01|00000000000000014871|01|01|20230227|00000000000000000000|00000000011111111111|RJ|21010410|RJ|00000000|CIF|01
03|00000000000000014871|01|01|         1430|0000000001|  27.87|N|    27.87|    27.87|00|00|00|00|00
02|01|00000000000000014876|01|01|20230227|00000000000000000000|00000000011111111111|RJ|21010410|RJ|00000000|CIF|01
03|00000000000000014876|01|01|         1430|0000000001|  27.87|N|    27.87|    27.87|00|00|00|00|00
02|01|00000000000000014878|01|01|20230227|00000000000000000000|00000000011111111111|RJ|21010410|RJ|00000000|CIF|01
03|00000000000000014878|01|01|         1430|0000000001|  27.87|N|    27.87|    27.87|00|00|00|00|00
02|01|00000000000000014880|01|01|20230227|00000000000000000000|00000000011111111111|RJ|21010410|RJ|00000000|CIF|01
02|01|00000000000000014880|01|01|20230227|00000000000000000000|00000000011111111111|RJ|21010410|RJ|00000000|CIF|01
03|00000000000000014880|01|01|         3716|0000000001|   5.44|N|     5.44|     5.44|00|00|00|00|00
03|00000000000000014880|01|01|         3746|0000000001|   5.44|N|     5.44|     5.44|00|00|00|00|00
02|01|00000000000000014888|01|01|20230228|00000000000000000000|00000000011111111111|RJ|21010410|RJ|00000000|CIF|01
03|00000000000000014888|01|01|         3716|0000000020|   5.17|N|   103.36|   103.36|00|00|00|00|00
02|01|00000000000000014889|01|01|20230228|00000000000000000000|00000000011111111111|RJ|21010410|RJ|00000000|CIF|01
03|00000000000000014889|01|01|         3717|0000000010|   5.17|N|    51.69|    51.69|00|00|00|00|00
02|01|00000000000000014890|01|01|20230228|00000000000000000000|00000000011111111111|RJ|21010410|RJ|00000000|CIF|01
02|01|00000000000000014890|01|01|20230228|00000000000000000000|00000000011111111111|RJ|21010410|RJ|00000000|CIF|01
02|01|00000000000000014890|01|01|20230228|00000000000000000000|00000000011111111111|RJ|21010410|RJ|00000000|CIF|01
02|01|00000000000000014890|01|01|20230228|00000000000000000000|00000000011111111111|RJ|21010410|RJ|00000000|CIF|01
02|01|00000000000000014890|01|01|20230228|00000000000000000000|00000000011111111111|RJ|21010410|RJ|00000000|CIF|01
03|00000000000000014890|01|01|         1429|0000000011|   5.10|N|    56.10|    56.10|00|00|00|00|00
03|00000000000000014890|01|01|         1928|0000000006|  33.45|N|   200.70|   200.70|00|00|00|00|00
03|00000000000000014890|01|01|         3715|0000000001|   5.44|N|     5.44|     5.44|00|00|00|00|00
03|00000000000000014890|01|01|         3716|0000000001|   5.44|N|     5.44|     5.44|00|00|00|00|00
03|00000000000000014890|01|01|         3717|0000000001|   5.44|N|     5.44|     5.44|00|00|00|00|00
02|01|00000000000000014893|01|01|20230228|00000000000000000000|00000000011111111111|RJ|21010410|RJ|00000000|CIF|01
03|00000000000000014893|01|01|         1425|0000000001|  31.85|N|    31.85|    31.85|00|00|00|00|00
02|01|00000000000000014899|01|01|20230228|00000000000000000000|00000000011111111111|RJ|21010410|RJ|00000000|CIF|01
03|00000000000000014899|01|01|         1430|0000000001|  27.87|N|    27.87|    27.87|00|00|00|00|00
02|01|00000000000000014900|01|01|20230228|00000000000000000000|00000000011111111111|RJ|21010410|RJ|00000000|CIF|01
03|00000000000000014900|01|01|         1430|0000000020|  27.87|N|   557.40|   557.40|00|00|00|00|00
02|01|00000000000000014903|01|01|20230228|00000000000000000000|00000000011111111111|RJ|21010410|RJ|00000000|CIF|01
03|00000000000000014903|01|01|         1430|0000000001|  27.87|N|    27.87|    27.87|00|00|00|00|00
02|01|00000000000000014905|01|01|20230228|00000000000000000000|00000000011111111111|RJ|21010410|RJ|00000000|CIF|01
02|01|00000000000000014905|01|01|20230228|00000000000000000000|00000000011111111111|RJ|21010410|RJ|00000000|CIF|01
03|00000000000000014905|01|01|         1429|0000000002|   5.10|N|    10.20|    10.20|00|00|00|00|00
03|00000000000000014905|01|01|         1430|0000000001|  27.87|N|    27.87|    27.87|00|00|00|00|00
02|01|00000000000000019207|01|01|20230201|00000000000000000000|00000010309479000104|RJ|21010410|RJ|00000000|CIF|01
02|01|00000000000000019207|01|01|20230201|00000000000000000000|00000010309479000104|RJ|21010410|RJ|00000000|CIF|01
03|00000000000000019207|01|01|         1430|0000000010|  24.84|N|   248.40|   248.40|00|00|00|00|00
03|00000000000000019207|01|01|         3076|0000000010|  45.36|N|   453.60|   453.60|00|00|00|00|00
02|01|00000000000000019208|01|01|20230201|00000000000000000000|00000027379123000131|RJ|21010410|RJ|00000000|CIF|01
03|00000000000000019208|01|01|         1430|0000000100|  21.90|N|  2190.00|  2190.00|00|00|00|00|00
02|01|00000000000000019209|01|01|20230201|00000000000000000000|00000000603178000127|RJ|21010410|RJ|00000000|CIF|01
03|00000000000000019209|01|01|         1430|0000000060|  23.19|N|  1391.40|  1391.40|00|00|00|00|00
02|01|00000000000000019212|01|01|20230201|00000000000000000000|00000041936491000164|RJ|21010410|RJ|00000000|CIF|01
03|00000000000000019212|01|01|         1429|0000000005|   4.55|N|    22.75|    22.75|00|00|00|00|00
02|01|00000000000000019213|01|01|20230201|00000000000000000000|00000005088627000160|RJ|21010410|RJ|00000000|CIF|01
03|00000000000000019213|01|01|         1430|0000000015|  24.16|N|   362.40|   362.40|00|00|00|00|00
02|01|00000000000000019217|01|01|20230201|00000000000000000000|00000002917249000191|RJ|21010410|RJ|00000000|CIF|01
03|00000000000000019217|01|01|         1430|0000000010|  22.80|N|   228.00|   228.00|00|00|00|00|00
02|01|00000000000000019218|01|01|20230201|00000000000000000000|00000005622093000100|RJ|21010410|RJ|00000000|CIF|01
03|00000000000000019218|01|01|         1430|0000000010|  26.90|N|   269.00|   269.00|00|00|00|00|00
02|01|00000000000000019220|01|01|20230202|00000000000000000000|00000042145964000178|RJ|21010410|RJ|00000000|CIF|01
03|00000000000000019220|01|01|         1430|0000000200|  21.20|N|  4240.00|  4240.00|00|00|00|00|00
02|01|00000000000000019221|01|01|20230202|00000000000000000000|00000016589628000104|RJ|21010410|RJ|00000000|CIF|01
03|00000000000000019221|01|01|         1430|0000000005|  24.16|N|   120.80|   120.80|00|00|00|00|00
02|01|00000000000000019222|01|01|20230202|00000000000000000000|00000021922850000117|RJ|21010410|RJ|00000000|CIF|01
03|00000000000000019222|01|01|         1430|0000000150|  21.20|N|  3180.00|  3180.00|00|00|00|00|00
02|01|00000000000000019229|01|01|20230202|00000000000000000000|00000023792403000116|RJ|21010410|RJ|00000000|CIF|01
03|00000000000000019229|01|01|         1430|0000000200|  21.50|N|  4300.00|  4300.00|00|00|00|00|00
02|01|00000000000000019230|01|01|20230202|00000000000000000000|00000018675133000123|RJ|21010410|RJ|00000000|CIF|01
03|00000000000000019230|01|01|         1430|0000000003|  28.90|N|    86.70|    86.70|00|00|00|00|00
02|01|00000000000000019232|01|01|20230202|00000000000000000000|00000007747087000104|RJ|21010410|RJ|00000000|CIF|01
03|00000000000000019232|01|01|         1430|0000000007|  27.60|N|   193.20|   193.20|00|00|00|00|00
02|01|00000000000000019233|01|01|20230202|00000000000000000000|00000001329282000138|RJ|21010410|RJ|00000000|CIF|01
03|00000000000000019233|01|01|          229|0000000001|  24.55|N|    24.55|    24.55|00|00|00|00|00
02|01|00000000000000019235|01|01|20230202|00000000000000000000|00000005622093000100|RJ|21010410|RJ|00000000|CIF|01
03|00000000000000019235|01|01|         1430|0000000005|  28.90|N|   144.50|   144.50|00|00|00|00|00
02|01|00000000000000019239|01|01|20230203|00000000000000000000|00000035782101000146|RJ|21010410|RJ|00000000|CIF|01
02|01|00000000000000019239|01|01|20230203|00000000000000000000|00000035782101000146|RJ|21010410|RJ|00000000|CIF|01
02|01|00000000000000019239|01|01|20230203|00000000000000000000|00000035782101000146|RJ|21010410|RJ|00000000|CIF|01
02|01|00000000000000019239|01|01|20230203|00000000000000000000|00000035782101000146|RJ|21010410|RJ|00000000|CIF|01
02|01|00000000000000019239|01|01|20230203|00000000000000000000|00000035782101000146|RJ|21010410|RJ|00000000|CIF|01
03|00000000000000019239|01|01|         1429|0000000050|   4.55|N|   227.50|   227.50|00|00|00|00|00
03|00000000000000019239|01|01|         3713|0000000075|   4.84|N|   363.00|   363.00|00|00|00|00|00
03|00000000000000019239|01|01|         3715|0000000075|   4.84|N|   363.00|   363.00|00|00|00|00|00
03|00000000000000019239|01|01|         3716|0000000075|   4.84|N|   363.00|   363.00|00|00|00|00|00
03|00000000000000019239|01|01|         3746|0000000075|   4.84|N|   363.00|   363.00|00|00|00|00|00
02|01|00000000000000019240|01|01|20230203|00000000000000000000|00000028863681000130|RJ|21010410|RJ|00000000|CIF|01
03|00000000000000019240|01|01|         1430|0000000400|  21.50|N|  8600.00|  8600.00|00|00|00|00|00
02|01|00000000000000019241|01|01|20230203|00000000000000000000|00000005622046000166|RJ|21010410|RJ|00000000|CIF|01
03|00000000000000019241|01|01|         1430|0000000030|  23.19|N|   695.70|   695.70|00|00|00|00|00
02|01|00000000000000019246|01|01|20230203|00000000000000000000|00000020973493000153|RJ|21010410|RJ|00000000|CIF|01
03|00000000000000019246|01|01|         1430|0000000400|  21.50|N|  8600.00|  8600.00|00|00|00|00|00
02|01|00000000000000019249|01|01|20230203|00000000000000000000|00000001751533000178|RJ|21010410|RJ|00000000|CIF|01
03|00000000000000019249|01|01|         1430|0000000100|  21.90|N|  2190.00|  2190.00|00|00|00|00|00
02|01|00000000000000019250|01|01|20230203|00000000000000000000|00000037750941000152|RJ|21010410|RJ|00000000|CIF|01
03|00000000000000019250|01|01|         1430|0000000200|  21.90|N|  4380.00|  4380.00|00|00|00|00|00
02|01|00000000000000019259|01|01|20230206|00000000000000000000|00000026682970000108|RJ|21010410|RJ|00000000|CIF|01
03|00000000000000019259|01|01|         1430|0000000100|  22.24|N|  2224.00|  2224.00|00|00|00|00|00
02|01|00000000000000019261|01|01|20230206|00000000000000000000|00000041109193000281|RJ|21010410|RJ|00000000|CIF|01
03|00000000000000019261|01|01|         1430|0000000030|  23.19|N|   695.70|   695.70|00|00|00|00|00
02|01|00000000000000019262|01|01|20230206|00000000000000000000|00000000323439000155|RJ|21010410|RJ|00000000|CIF|01
03|00000000000000019262|01|01|         1430|0000002000|  21.80|N| 43600.00| 43600.00|00|00|00|00|00
02|01|00000000000000019266|01|01|20230207|00000000000000000000|00000032002174000180|RJ|21010410|RJ|00000000|CIF|01
03|00000000000000019266|01|01|         1430|0000000020|  24.16|N|   483.20|   483.20|00|00|00|00|00
02|01|00000000000000019274|01|01|20230207|00000000000000000000|00000010876637000108|RJ|21010410|RJ|00000000|CIF|01
03|00000000000000019274|01|01|         1430|0000000030|  25.90|N|   777.00|   777.00|00|00|00|00|00
02|01|00000000000000019278|01|01|20230207|00000000000000000000|00000000089868250749|RJ|21010410|RJ|00000000|CIF|01
02|01|00000000000000019278|01|01|20230207|00000000000000000000|00000000089868250749|RJ|21010410|RJ|00000000|CIF|01
03|00000000000000019278|01|01|         1429|0000000050|   4.55|N|   227.50|   227.50|00|00|00|00|00
03|00000000000000019278|01|01|         1430|0000000010|  24.16|N|   241.60|   241.60|00|00|00|00|00
02|01|00000000000000019282|01|01|20230208|00000000000000000000|00000018283401000161|RJ|21010410|RJ|00000000|CIF|01
03|00000000000000019282|01|01|         1430|0000000500|  21.80|N| 10900.00| 10900.00|00|00|00|00|00
02|01|00000000000000019285|01|01|20230208|00000000000000000000|00000049106119000132|RJ|21010410|RJ|00000000|CIF|01
02|01|00000000000000019285|01|01|20230208|00000000000000000000|00000049106119000132|RJ|21010410|RJ|00000000|CIF|01
02|01|00000000000000019285|01|01|20230208|00000000000000000000|00000049106119000132|RJ|21010410|RJ|00000000|CIF|01
03|00000000000000019285|01|01|         3715|0000000008|   4.84|N|    38.72|    38.72|00|00|00|00|00
03|00000000000000019285|01|01|         3717|0000000008|   4.84|N|    38.72|    38.72|00|00|00|00|00
03|00000000000000019285|01|01|         3746|0000000007|   4.84|N|    33.88|    33.88|00|00|00|00|00
02|01|00000000000000019286|01|01|20230208|00000000000000000000|00000004976773000169|RJ|21010410|RJ|00000000|CIF|01
02|01|00000000000000019286|01|01|20230208|00000000000000000000|00000004976773000169|RJ|21010410|RJ|00000000|CIF|01
02|01|00000000000000019286|01|01|20230208|00000000000000000000|00000004976773000169|RJ|21010410|RJ|00000000|CIF|01
02|01|00000000000000019286|01|01|20230208|00000000000000000000|00000004976773000169|RJ|21010410|RJ|00000000|CIF|01
03|00000000000000019286|01|01|          229|0000000001|  27.41|N|    27.41|    27.41|00|00|00|00|00
03|00000000000000019286|01|01|          231|0000000001|  27.41|N|    27.41|    27.41|00|00|00|00|00
03|00000000000000019286|01|01|          232|0000000001|  27.41|N|    27.41|    27.41|00|00|00|00|00
03|00000000000000019286|01|01|         3123|0000000001|  27.41|N|    27.41|    27.41|00|00|00|00|00
02|01|00000000000000019295|01|01|20230209|00000000000000000000|00000033766999000133|RJ|21010410|RJ|00000000|CIF|01
03|00000000000000019295|01|01|         1430|0000000010|  26.20|N|   261.98|   261.98|00|00|00|00|00
02|01|00000000000000019301|01|01|20230209|00000000000000000000|00000005622046000166|RJ|21010410|RJ|00000000|CIF|01
03|00000000000000019301|01|01|         1430|0000000100|  22.24|N|  2224.00|  2224.00|00|00|00|00|00
02|01|00000000000000019302|01|01|20230209|00000000000000000000|00000025266025000162|RJ|21010410|RJ|00000000|CIF|01
03|00000000000000019302|01|01|         1430|0000000030|  25.90|N|   777.00|   777.00|00|00|00|00|00
02|01|00000000000000019306|01|01|20230210|00000000000000000000|00000000482998000108|RJ|21010410|RJ|00000000|CIF|01
02|01|00000000000000019306|01|01|20230210|00000000000000000000|00000000482998000108|RJ|21010410|RJ|00000000|CIF|01
03|00000000000000019306|01|01|         1430|0000000050|  24.16|N|  1208.00|  1208.00|00|00|00|00|00
03|00000000000000019306|01|01|         3076|0000000020|  48.51|N|   970.20|   970.20|00|00|00|00|00
02|01|00000000000000019307|01|01|20230210|00000000000000000000|00000032002174000180|RJ|21010410|RJ|00000000|CIF|01
03|00000000000000019307|01|01|         1430|0000000017|  24.16|N|   410.72|   410.72|00|00|00|00|00
02|01|00000000000000019311|01|01|20230213|00000000000000000000|00000000003655123701|RJ|21010410|RJ|00000000|CIF|01
03|00000000000000019311|01|01|         1430|0000000050|  24.16|N|  1208.00|  1208.00|00|00|00|00|00
02|01|00000000000000019313|01|01|20230213|00000000000000000000|00000006128063000104|RJ|21010410|RJ|00000000|CIF|01
03|00000000000000019313|01|01|         1430|0000000006|  28.90|N|   173.40|   173.40|00|00|00|00|00
02|01|00000000000000019314|01|01|20230213|00000000000000000000|00000035782101000146|RJ|21010410|RJ|00000000|CIF|01
02|01|00000000000000019314|01|01|20230213|00000000000000000000|00000035782101000146|RJ|21010410|RJ|00000000|CIF|01
03|00000000000000019314|01|01|         3076|0000000025|  46.35|N|  1158.75|  1158.75|00|00|00|00|00
03|00000000000000019314|01|01|         3746|0000000050|   4.84|N|   242.00|   242.00|00|00|00|00|00
02|01|00000000000000019318|01|01|20230213|00000000000000000000|00000005120086000100|RJ|21010410|RJ|00000000|CIF|01
03|00000000000000019318|01|01|         1430|0000000250|  21.90|N|  5475.00|  5475.00|00|00|00|00|00
02|01|00000000000000019319|01|01|20230213|00000000000000000000|00000017308611000102|RJ|21010410|RJ|00000000|CIF|01
03|00000000000000019319|01|01|         3077|0000000150|  28.62|N|  4293.00|  4293.00|00|00|00|00|00
02|01|00000000000000019322|01|01|20230213|00000000000000000000|00000000457060000138|RJ|21010410|RJ|00000000|CIF|01
03|00000000000000019322|01|01|         3076|0000000030|  48.51|N|  1455.30|  1455.30|00|00|00|00|00
02|01|00000000000000019323|01|01|20230213|00000000000000000000|00000022268347000152|RJ|21010410|RJ|00000000|CIF|01
03|00000000000000019323|01|01|          232|0000000007|  23.55|N|   164.85|   164.85|00|00|00|00|00
02|01|00000000000000019325|01|01|20230213|00000000000000000000|00000012593530000170|RJ|21010410|RJ|00000000|CIF|01
03|00000000000000019325|01|01|         1425|0000000005|  27.72|N|   138.60|   138.60|00|00|00|00|00
02|01|00000000000000019327|01|01|20230214|00000000000000000000|00000039777776000158|RJ|21010410|RJ|00000000|CIF|01
03|00000000000000019327|01|01|         1430|0000000010|  24.16|N|   241.60|   241.60|00|00|00|00|00
02|01|00000000000000019339|01|01|20230214|00000000000000000000|00000027843077000180|RJ|21010410|RJ|00000000|CIF|01
02|01|00000000000000019339|01|01|20230214|00000000000000000000|00000027843077000180|RJ|21010410|RJ|00000000|CIF|01
02|01|00000000000000019339|01|01|20230214|00000000000000000000|00000027843077000180|RJ|21010410|RJ|00000000|CIF|01
02|01|00000000000000019339|01|01|20230214|00000000000000000000|00000027843077000180|RJ|21010410|RJ|00000000|CIF|01
02|01|00000000000000019339|01|01|20230214|00000000000000000000|00000027843077000180|RJ|21010410|RJ|00000000|CIF|01
03|00000000000000019339|01|01|          229|0000000005|  27.41|N|   137.05|   137.05|00|00|00|00|00
03|00000000000000019339|01|01|         1429|0000000050|   4.55|N|   227.50|   227.50|00|00|00|00|00
03|00000000000000019339|01|01|         3715|0000000025|   4.85|N|   121.25|   121.25|00|00|00|00|00
03|00000000000000019339|01|01|         3717|0000000025|   4.85|N|   121.25|   121.25|00|00|00|00|00
03|00000000000000019339|01|01|         3746|0000000025|   4.85|N|   121.25|   121.25|00|00|00|00|00
02|01|00000000000000019340|01|01|20230214|00000000000000000000|00000013716207000109|RJ|21010410|RJ|00000000|CIF|01
03|00000000000000019340|01|01|         1430|0000000090|  22.24|N|  2001.60|  2001.60|00|00|00|00|00
02|01|00000000000000019342|01|01|20230214|00000000000000000000|00000035782101000146|RJ|21010410|RJ|00000000|CIF|01
03|00000000000000019342|01|01|         3076|0000000020|  46.35|N|   927.00|   927.00|00|00|00|00|00
02|01|00000000000000019346|01|01|20230214|00000000000000000000|00000023765350000144|RJ|21010410|RJ|00000000|CIF|01
03|00000000000000019346|01|01|         1430|0000000100|  23.19|N|  2319.00|  2319.00|00|00|00|00|00
02|01|00000000000000019354|01|01|20230215|00000000000000000000|00000023664449000150|RJ|21010410|RJ|00000000|CIF|01
03|00000000000000019354|01|01|         1430|0000000010|  26.90|N|   269.00|   269.00|00|00|00|00|00
02|01|00000000000000019355|01|01|20230215|00000000000000000000|00000016907409000126|RJ|21010410|RJ|00000000|CIF|01
03|00000000000000019355|01|01|         1430|0000000010|  26.90|N|   269.00|   269.00|00|00|00|00|00
02|01|00000000000000019356|01|01|20230215|00000000000000000000|00000013407664000111|RJ|21010410|RJ|00000000|CIF|01
03|00000000000000019356|01|01|         1430|0000000010|  26.90|N|   269.00|   269.00|00|00|00|00|00
02|01|00000000000000019357|01|01|20230215|00000000000000000000|00000004976773000169|RJ|21010410|RJ|00000000|CIF|01
02|01|00000000000000019357|01|01|20230215|00000000000000000000|00000004976773000169|RJ|21010410|RJ|00000000|CIF|01
02|01|00000000000000019357|01|01|20230215|00000000000000000000|00000004976773000169|RJ|21010410|RJ|00000000|CIF|01
02|01|00000000000000019357|01|01|20230215|00000000000000000000|00000004976773000169|RJ|21010410|RJ|00000000|CIF|01
03|00000000000000019357|01|01|         3715|0000000002|   4.84|N|     9.68|     9.68|00|00|00|00|00
03|00000000000000019357|01|01|         3716|0000000002|   4.84|N|     9.68|     9.68|00|00|00|00|00
03|00000000000000019357|01|01|         3717|0000000002|   4.84|N|     9.68|     9.68|00|00|00|00|00
03|00000000000000019357|01|01|         3746|0000000002|   4.84|N|     9.68|     9.68|00|00|00|00|00
02|01|00000000000000019360|01|01|20230216|00000000000000000000|00000041936491000164|RJ|21010410|RJ|00000000|CIF|01
03|00000000000000019360|01|01|         1429|0000000005|   4.55|N|    22.75|    22.75|00|00|00|00|00
02|01|00000000000000019363|01|01|20230216|00000000000000000000|00000018526132000117|RJ|21010410|RJ|00000000|CIF|01
03|00000000000000019363|01|01|         1430|0000000020|  26.90|N|   538.00|   538.00|00|00|00|00|00
02|01|00000000000000019366|01|01|20230216|00000000000000000000|00000029089460000110|RJ|21010410|RJ|00000000|CIF|01
03|00000000000000019366|01|01|         3123|0000000020|  24.35|N|   487.00|   487.00|00|00|00|00|00
02|01|00000000000000019367|01|01|20230217|00000000000000000000|00000006128063000104|RJ|21010410|RJ|00000000|CIF|01
03|00000000000000019367|01|01|         1430|0000000010|  26.90|N|   269.00|   269.00|00|00|00|00|00
02|01|00000000000000019370|01|01|20230217|00000000000000000000|00000000482998000108|RJ|21010410|RJ|00000000|CIF|01
02|01|00000000000000019370|01|01|20230217|00000000000000000000|00000000482998000108|RJ|21010410|RJ|00000000|CIF|01
03|00000000000000019370|01|01|         1430|0000000070|  21.60|N|  1512.00|  1512.00|00|00|00|00|00
03|00000000000000019370|01|01|         3076|0000000005|  48.51|N|   242.55|   242.55|00|00|00|00|00
02|01|00000000000000019371|01|01|20230217|00000000000000000000|00000000603178000127|RJ|21010410|RJ|00000000|CIF|01
03|00000000000000019371|01|01|         1430|0000000160|  21.60|N|  3456.00|  3456.00|00|00|00|00|00
02|01|00000000000000019373|01|01|20230217|00000000000000000000|00000004336025000111|RJ|21010410|RJ|00000000|CIF|01
03|00000000000000019373|01|01|         1430|0000000020|  21.60|N|   432.00|   432.00|00|00|00|00|00
02|01|00000000000000019374|01|01|20230217|00000000000000000000|00000006029385000104|RJ|21010410|RJ|00000000|CIF|01
03|00000000000000019374|01|01|         1430|0000000010|  21.90|N|   219.00|   219.00|00|00|00|00|00
02|01|00000000000000019377|01|01|20230222|00000000000000000000|00000018044251000133|RJ|21010410|RJ|00000000|CIF|01
03|00000000000000019377|01|01|         1430|0000000020|  21.90|N|   438.00|   438.00|00|00|00|00|00
02|01|00000000000000019379|01|01|20230223|00000000000000000000|00000005120086000100|RJ|21010410|RJ|00000000|CIF|01
03|00000000000000019379|01|01|         1430|0000000050|  21.60|N|  1080.00|  1080.00|00|00|00|00|00
02|01|00000000000000019380|01|01|20230223|00000000000000000000|00000032363459000146|RJ|21010410|RJ|00000000|CIF|01
02|01|00000000000000019380|01|01|20230223|00000000000000000000|00000032363459000146|RJ|21010410|RJ|00000000|CIF|01
03|00000000000000019380|01|01|         1430|0000000040|  21.90|N|   876.00|   876.00|00|00|00|00|00
03|00000000000000019380|01|01|         1928|0000000010|  29.09|N|   290.90|   290.90|00|00|00|00|00
02|01|00000000000000019381|01|01|20230223|00000000000000000000|00000029089460000110|RJ|21010410|RJ|00000000|CIF|01
03|00000000000000019381|01|01|         3123|0000000020|  24.35|N|   487.00|   487.00|00|00|00|00|00
02|01|00000000000000019383|01|01|20230223|00000000000000000000|00000000323439000155|RJ|21010410|RJ|00000000|CIF|01
03|00000000000000019383|01|01|         1430|0000002000|  21.60|N| 43200.00| 43200.00|00|00|00|00|00
02|01|00000000000000019384|01|01|20230223|00000000000000000000|00000029340323000106|RJ|21010410|RJ|00000000|CIF|01
03|00000000000000019384|01|01|         1430|0000000300|  21.60|N|  6480.00|  6480.00|00|00|00|00|00
02|01|00000000000000019390|01|01|20230224|00000000000000000000|00000012388737000102|RJ|21010410|RJ|00000000|CIF|01
03|00000000000000019390|01|01|         1430|0000000700|  21.60|N| 15120.00| 15120.00|00|00|00|00|00
02|01|00000000000000019391|01|01|20230224|00000000000000000000|00000003559520000127|RJ|21010410|RJ|00000000|CIF|01
03|00000000000000019391|01|01|         1430|0000000100|  21.60|N|  2160.00|  2160.00|00|00|00|00|00
02|01|00000000000000019393|01|01|20230224|00000000000000000000|00000005622046000166|RJ|21010410|RJ|00000000|CIF|01
03|00000000000000019393|01|01|         1430|0000000100|  21.60|N|  2160.00|  2160.00|00|00|00|00|00
02|01|00000000000000019398|01|01|20230224|00000000000000000000|00000000457060000138|RJ|21010410|RJ|00000000|CIF|01
03|00000000000000019398|01|01|         3076|0000000045|  48.51|N|  2182.95|  2182.95|00|00|00|00|00
02|01|00000000000000019399|01|01|20230224|00000000000000000000|00000004636451000170|RJ|21010410|RJ|00000000|CIF|01
03|00000000000000019399|01|01|         1430|0000000010|  21.90|N|   219.00|   219.00|00|00|00|00|00
02|01|00000000000000019400|01|01|20230224|00000000000000000000|00000010403850000194|RJ|21010410|RJ|00000000|CIF|01
02|01|00000000000000019400|01|01|20230224|00000000000000000000|00000010403850000194|RJ|21010410|RJ|00000000|CIF|01
02|01|00000000000000019400|01|01|20230224|00000000000000000000|00000010403850000194|RJ|21010410|RJ|00000000|CIF|01
02|01|00000000000000019400|01|01|20230224|00000000000000000000|00000010403850000194|RJ|21010410|RJ|00000000|CIF|01
03|00000000000000019400|01|01|         3715|0000000004|   4.84|N|    19.36|    19.36|00|00|00|00|00
03|00000000000000019400|01|01|         3716|0000000004|   4.84|N|    19.36|    19.36|00|00|00|00|00
03|00000000000000019400|01|01|         3717|0000000004|   4.84|N|    19.36|    19.36|00|00|00|00|00
03|00000000000000019400|01|01|         3746|0000000004|   4.84|N|    19.36|    19.36|00|00|00|00|00
02|01|00000000000000019401|01|01|20230224|00000000000000000000|00000005844748000194|RJ|21010410|RJ|00000000|CIF|01
03|00000000000000019401|01|01|         1430|0000000010|  24.16|N|   241.60|   241.60|00|00|00|00|00
02|01|00000000000000019402|01|01|20230227|00000000000000000000|00000012508777000140|RJ|21010410|RJ|00000000|CIF|01
03|00000000000000019402|01|01|         1430|0000001000|  21.90|N| 21900.00| 21900.00|00|00|00|00|00
02|01|00000000000000019404|01|01|20230227|00000000000000000000|00000021763508000111|RJ|21010410|RJ|00000000|CIF|01
03|00000000000000019404|01|01|         1430|0000000010|  22.50|N|   225.00|   225.00|00|00|00|00|00
02|01|00000000000000019423|01|01|20230228|00000000000000000000|00000028269561000100|RJ|21010410|RJ|00000000|CIF|01
03|00000000000000019423|01|01|         1430|0000000002|  28.90|N|    57.80|    57.80|00|00|00|00|00
02|01|00000000000000019426|01|01|20230228|00000000000000000000|00000030381073000131|RJ|21010410|RJ|00000000|CIF|01
03|00000000000000019426|01|01|         1430|0000000050|  21.90|N|  1095.00|  1095.00|00|00|00|00|00
02|01|00000000000000019428|01|01|20230228|00000000000000000000|00000005120086000100|RJ|21010410|RJ|00000000|CIF|01
03|00000000000000019428|01|01|         1430|0000000400|  21.90|N|  8760.00|  8760.00|00|00|00|00|00
02|01|00000000000000019431|01|01|20230228|00000000000000000000|00000001329282000138|RJ|21010410|RJ|00000000|CIF|01
03|00000000000000019431|01|01|         1430|0000000020|  21.90|N|   438.00|   438.00|00|00|00|00|00
02|01|00000000000000019432|01|01|20230228|00000000000000000000|00000030301052000169|RJ|21010410|RJ|00000000|CIF|01
02|01|00000000000000019432|01|01|20230228|00000000000000000000|00000030301052000169|RJ|21010410|RJ|00000000|CIF|01
03|00000000000000019432|01|01|          229|0000000001|  25.63|N|    25.63|    25.63|00|00|00|00|00
03|00000000000000019432|01|01|          232|0000000003|  25.63|N|    76.89|    76.89|00|00|00|00|00
02|01|00000000000000019433|01|01|20230228|00000000000000000000|00000002827778000102|RJ|21010410|RJ|00000000|CIF|01
02|01|00000000000000019433|01|01|20230228|00000000000000000000|00000002827778000102|RJ|21010410|RJ|00000000|CIF|01
03|00000000000000019433|01|01|         1429|0000000600|   4.55|N|  2730.00|  2730.00|00|00|00|00|00
03|00000000000000019433|01|01|         1430|0000000050|  21.60|N|  1080.00|  1080.00|00|00|00|00|00
02|01|00000000000000019434|01|01|20230228|00000000000000000000|00000000028503597772|RJ|21010410|RJ|00000000|CIF|01
03|00000000000000019434|01|01|         1430|0000000010|  21.60|N|   216.00|   216.00|00|00|00|00|00
02|01|00000000000000019436|01|01|20230228|00000000000000000000|00000018283401000161|RJ|21010410|RJ|00000000|CIF|01
03|00000000000000019436|01|01|         1430|0000001000|  21.30|N| 21300.00| 21300.00|00|00|00|00|00
02|01|00000000000000019437|01|01|20230228|00000000000000000000|00000018283401000161|RJ|21010410|RJ|00000000|CIF|01
03|00000000000000019437|01|01|         1430|0000001000|  21.30|N| 21300.00| 21300.00|00|00|00|00|00
02|01|00000000000000019438|01|01|20230228|00000000000000000000|00000018283401000161|RJ|21010410|RJ|00000000|CIF|01
03|00000000000000019438|01|01|         1430|0000001000|  21.30|N| 21300.00| 21300.00|00|00|00|00|00
02|01|00000000000000019439|01|01|20230228|00000000000000000000|00000018283401000161|RJ|21010410|RJ|00000000|CIF|01
03|00000000000000019439|01|01|         1430|0000001000|  21.30|N| 21300.00| 21300.00|00|00|00|00|00
02|01|00000000000000019440|01|01|20230228|00000000000000000000|00000015360767000107|RJ|21010410|RJ|00000000|CIF|01
02|01|00000000000000019440|01|01|20230228|00000000000000000000|00000015360767000107|RJ|21010410|RJ|00000000|CIF|01
03|00000000000000019440|01|01|         1429|0000005000|   4.55|N| 22750.00| 22750.00|00|00|00|00|00
03|00000000000000019440|01|01|         3716|0000000500|   4.84|N|  2420.00|  2420.00|00|00|00|00|00
02|01|00000000000000019441|01|01|20230228|00000000000000000000|00000008228656000178|RJ|21010410|RJ|00000000|CIF|01
03|00000000000000019441|01|01|         1430|0000000200|  21.60|N|  4320.00|  4320.00|00|00|00|00|00
02|01|00000000000000019442|01|01|20230228|00000000000000000000|00000039777776000158|RJ|21010410|RJ|00000000|CIF|01
03|00000000000000019442|01|01|         1430|0000000030|  21.60|N|   648.00|   648.00|00|00|00|00|00
02|01|00000000000000019443|01|01|20230228|00000000000000000000|00000042140988000134|RJ|21010410|RJ|00000000|CIF|01
03|00000000000000019443|01|01|         3077|0000000020|  27.35|N|   547.00|   547.00|00|00|00|00|00
