01|RELCLI|050||202305040948|20230504|20230504|22013079000209|07216054000138
02|00000004160100000136|00000001|01|01|0000000000000000000000000000000000000000000000000000000000000000000000000000000000000000000000000001|0000000000000000000000000000000000000000000000000000000000000000000000000000000000000000000000000001|00000000000000000000000000000000000000000000000001|0000000000000000000000000000000000000000000000000000000000000000000000000000000000000000000000000001|001|01|00000000000000000001|00000000000000000000000000000000000000000000000001
02|00000008482787000187|00000001|01|01|0000000000000000000000000000000000000000000000000000000000000000000000000000000000000000000000000001|0000000000000000000000000000000000000000000000000000000000000000000000000000000000000000000000000001|00000000000000000000000000000000000000000000000001|0000000000000000000000000000000000000000000000000000000000000000000000000000000000000000000000000001|001|01|00000000000000000001|00000000000000000000000000000000000000000000000001
02|00000033059684000156|00000001|01|01|0000000000000000000000000000000000000000000000000000000000000000000000000000000000000000000000000001|0000000000000000000000000000000000000000000000000000000000000000000000000000000000000000000000000001|00000000000000000000000000000000000000000000000001|0000000000000000000000000000000000000000000000000000000000000000000000000000000000000000000000000001|001|01|00000000000000000001|00000000000000000000000000000000000000000000000001
02|00000007524037000168|00000001|01|01|0000000000000000000000000000000000000000000000000000000000000000000000000000000000000000000000000001|0000000000000000000000000000000000000000000000000000000000000000000000000000000000000000000000000001|00000000000000000000000000000000000000000000000001|0000000000000000000000000000000000000000000000000000000000000000000000000000000000000000000000000001|001|01|00000000000000000001|00000000000000000000000000000000000000000000000001
02|00000042350785000172|00000001|01|01|0000000000000000000000000000000000000000000000000000000000000000000000000000000000000000000000000001|0000000000000000000000000000000000000000000000000000000000000000000000000000000000000000000000000001|00000000000000000000000000000000000000000000000001|0000000000000000000000000000000000000000000000000000000000000000000000000000000000000000000000000001|001|01|00000000000000000001|00000000000000000000000000000000000000000000000001
02|00000040589250000123|00000001|01|01|0000000000000000000000000000000000000000000000000000000000000000000000000000000000000000000000000001|0000000000000000000000000000000000000000000000000000000000000000000000000000000000000000000000000001|00000000000000000000000000000000000000000000000001|0000000000000000000000000000000000000000000000000000000000000000000000000000000000000000000000000001|001|01|00000000000000000001|00000000000000000000000000000000000000000000000001
02|00000034488277000127|00000001|01|01|0000000000000000000000000000000000000000000000000000000000000000000000000000000000000000000000000001|0000000000000000000000000000000000000000000000000000000000000000000000000000000000000000000000000001|00000000000000000000000000000000000000000000000001|0000000000000000000000000000000000000000000000000000000000000000000000000000000000000000000000000001|001|01|00000000000000000001|00000000000000000000000000000000000000000000000001
02|00000021155050000118|00000001|01|01|0000000000000000000000000000000000000000000000000000000000000000000000000000000000000000000000000001|0000000000000000000000000000000000000000000000000000000000000000000000000000000000000000000000000001|00000000000000000000000000000000000000000000000001|0000000000000000000000000000000000000000000000000000000000000000000000000000000000000000000000000001|001|01|00000000000000000001|00000000000000000000000000000000000000000000000001
02|00000009534994000109|00000001|01|01|0000000000000000000000000000000000000000000000000000000000000000000000000000000000000000000000000001|0000000000000000000000000000000000000000000000000000000000000000000000000000000000000000000000000001|00000000000000000000000000000000000000000000000001|0000000000000000000000000000000000000000000000000000000000000000000000000000000000000000000000000001|001|01|00000000000000000001|00000000000000000000000000000000000000000000000001
02|00000030122294000195|00000001|01|01|0000000000000000000000000000000000000000000000000000000000000000000000000000000000000000000000000001|0000000000000000000000000000000000000000000000000000000000000000000000000000000000000000000000000001|00000000000000000000000000000000000000000000000001|0000000000000000000000000000000000000000000000000000000000000000000000000000000000000000000000000001|001|01|00000000000000000001|00000000000000000000000000000000000000000000000001
02|00000035491252000145|00000001|01|01|0000000000000000000000000000000000000000000000000000000000000000000000000000000000000000000000000001|0000000000000000000000000000000000000000000000000000000000000000000000000000000000000000000000000001|00000000000000000000000000000000000000000000000001|0000000000000000000000000000000000000000000000000000000000000000000000000000000000000000000000000001|001|01|00000000000000000001|00000000000000000000000000000000000000000000000001
02|00000000302305000158|00000001|01|01|0000000000000000000000000000000000000000000000000000000000000000000000000000000000000000000000000001|0000000000000000000000000000000000000000000000000000000000000000000000000000000000000000000000000001|00000000000000000000000000000000000000000000000001|0000000000000000000000000000000000000000000000000000000000000000000000000000000000000000000000000001|001|01|00000000000000000001|00000000000000000000000000000000000000000000000001
02|00000000011111111111|00000001|01|01|0000000000000000000000000000000000000000000000000000000000000000000000000000000000000000000000000001|0000000000000000000000000000000000000000000000000000000000000000000000000000000000000000000000000001|00000000000000000000000000000000000000000000000001|0000000000000000000000000000000000000000000000000000000000000000000000000000000000000000000000000001|001|01|00000000000000000001|00000000000000000000000000000000000000000000000001
02|00000010313556000191|00000001|01|01|0000000000000000000000000000000000000000000000000000000000000000000000000000000000000000000000000001|0000000000000000000000000000000000000000000000000000000000000000000000000000000000000000000000000001|00000000000000000000000000000000000000000000000001|0000000000000000000000000000000000000000000000000000000000000000000000000000000000000000000000000001|001|01|00000000000000000001|00000000000000000000000000000000000000000000000001
02|00000033186057000186|00000001|01|01|0000000000000000000000000000000000000000000000000000000000000000000000000000000000000000000000000001|0000000000000000000000000000000000000000000000000000000000000000000000000000000000000000000000000001|00000000000000000000000000000000000000000000000001|0000000000000000000000000000000000000000000000000000000000000000000000000000000000000000000000000001|001|01|00000000000000000001|00000000000000000000000000000000000000000000000001
02|00000008218809000104|00000001|01|01|0000000000000000000000000000000000000000000000000000000000000000000000000000000000000000000000000001|0000000000000000000000000000000000000000000000000000000000000000000000000000000000000000000000000001|00000000000000000000000000000000000000000000000001|0000000000000000000000000000000000000000000000000000000000000000000000000000000000000000000000000001|001|01|00000000000000000001|00000000000000000000000000000000000000000000000001
02|00000027469938000101|00000001|01|01|0000000000000000000000000000000000000000000000000000000000000000000000000000000000000000000000000001|0000000000000000000000000000000000000000000000000000000000000000000000000000000000000000000000000001|00000000000000000000000000000000000000000000000001|0000000000000000000000000000000000000000000000000000000000000000000000000000000000000000000000000001|001|01|00000000000000000001|00000000000000000000000000000000000000000000000001
02|00000024368473000104|00000001|01|01|0000000000000000000000000000000000000000000000000000000000000000000000000000000000000000000000000001|0000000000000000000000000000000000000000000000000000000000000000000000000000000000000000000000000001|00000000000000000000000000000000000000000000000001|0000000000000000000000000000000000000000000000000000000000000000000000000000000000000000000000000001|001|01|00000000000000000001|00000000000000000000000000000000000000000000000001
02|00000035380944000116|00000001|01|01|0000000000000000000000000000000000000000000000000000000000000000000000000000000000000000000000000001|0000000000000000000000000000000000000000000000000000000000000000000000000000000000000000000000000001|00000000000000000000000000000000000000000000000001|0000000000000000000000000000000000000000000000000000000000000000000000000000000000000000000000000001|001|01|00000000000000000001|00000000000000000000000000000000000000000000000001
02|00000000839819000147|00000001|01|01|0000000000000000000000000000000000000000000000000000000000000000000000000000000000000000000000000001|0000000000000000000000000000000000000000000000000000000000000000000000000000000000000000000000000001|00000000000000000000000000000000000000000000000001|0000000000000000000000000000000000000000000000000000000000000000000000000000000000000000000000000001|001|01|00000000000000000001|00000000000000000000000000000000000000000000000001
02|00000023408932000173|00000001|01|01|0000000000000000000000000000000000000000000000000000000000000000000000000000000000000000000000000001|0000000000000000000000000000000000000000000000000000000000000000000000000000000000000000000000000001|00000000000000000000000000000000000000000000000001|0000000000000000000000000000000000000000000000000000000000000000000000000000000000000000000000000001|001|01|00000000000000000001|00000000000000000000000000000000000000000000000001
02|00000004971802000108|00000001|01|01|0000000000000000000000000000000000000000000000000000000000000000000000000000000000000000000000000001|0000000000000000000000000000000000000000000000000000000000000000000000000000000000000000000000000001|00000000000000000000000000000000000000000000000001|0000000000000000000000000000000000000000000000000000000000000000000000000000000000000000000000000001|001|01|00000000000000000001|00000000000000000000000000000000000000000000000001
02|00000031409428000116|00000001|01|01|0000000000000000000000000000000000000000000000000000000000000000000000000000000000000000000000000001|0000000000000000000000000000000000000000000000000000000000000000000000000000000000000000000000000001|00000000000000000000000000000000000000000000000001|0000000000000000000000000000000000000000000000000000000000000000000000000000000000000000000000000001|001|01|00000000000000000001|00000000000000000000000000000000000000000000000001
02|00000008239521000108|00000001|01|01|0000000000000000000000000000000000000000000000000000000000000000000000000000000000000000000000000001|0000000000000000000000000000000000000000000000000000000000000000000000000000000000000000000000000001|00000000000000000000000000000000000000000000000001|0000000000000000000000000000000000000000000000000000000000000000000000000000000000000000000000000001|001|01|00000000000000000001|00000000000000000000000000000000000000000000000001
02|00000034177808000160|00000001|01|01|0000000000000000000000000000000000000000000000000000000000000000000000000000000000000000000000000001|0000000000000000000000000000000000000000000000000000000000000000000000000000000000000000000000000001|00000000000000000000000000000000000000000000000001|0000000000000000000000000000000000000000000000000000000000000000000000000000000000000000000000000001|001|01|00000000000000000001|00000000000000000000000000000000000000000000000001
02|00000010749850000140|00000001|01|01|0000000000000000000000000000000000000000000000000000000000000000000000000000000000000000000000000001|0000000000000000000000000000000000000000000000000000000000000000000000000000000000000000000000000001|00000000000000000000000000000000000000000000000001|0000000000000000000000000000000000000000000000000000000000000000000000000000000000000000000000000001|001|01|00000000000000000001|00000000000000000000000000000000000000000000000001
02|00000002575190000109|00000001|01|01|0000000000000000000000000000000000000000000000000000000000000000000000000000000000000000000000000001|0000000000000000000000000000000000000000000000000000000000000000000000000000000000000000000000000001|00000000000000000000000000000000000000000000000001|0000000000000000000000000000000000000000000000000000000000000000000000000000000000000000000000000001|001|01|00000000000000000001|00000000000000000000000000000000000000000000000001
02|00000010555074000148|00000001|01|01|0000000000000000000000000000000000000000000000000000000000000000000000000000000000000000000000000001|0000000000000000000000000000000000000000000000000000000000000000000000000000000000000000000000000001|00000000000000000000000000000000000000000000000001|0000000000000000000000000000000000000000000000000000000000000000000000000000000000000000000000000001|001|01|00000000000000000001|00000000000000000000000000000000000000000000000001
02|00000001663828000192|00000001|01|01|0000000000000000000000000000000000000000000000000000000000000000000000000000000000000000000000000001|0000000000000000000000000000000000000000000000000000000000000000000000000000000000000000000000000001|00000000000000000000000000000000000000000000000001|0000000000000000000000000000000000000000000000000000000000000000000000000000000000000000000000000001|001|01|00000000000000000001|00000000000000000000000000000000000000000000000001
02||00000001|01|01|0000000000000000000000000000000000000000000000000000000000000000000000000000000000000000000000000001|0000000000000000000000000000000000000000000000000000000000000000000000000000000000000000000000000001|00000000000000000000000000000000000000000000000001|0000000000000000000000000000000000000000000000000000000000000000000000000000000000000000000000000001|001|01|00000000000000000001|00000000000000000000000000000000000000000000000001
02|00000022013079000209|00000001|01|01|0000000000000000000000000000000000000000000000000000000000000000000000000000000000000000000000000001|0000000000000000000000000000000000000000000000000000000000000000000000000000000000000000000000000001|00000000000000000000000000000000000000000000000001|0000000000000000000000000000000000000000000000000000000000000000000000000000000000000000000000000001|001|01|00000000000000000001|00000000000000000000000000000000000000000000000001
02|00000000200625000105|00000001|01|01|0000000000000000000000000000000000000000000000000000000000000000000000000000000000000000000000000001|0000000000000000000000000000000000000000000000000000000000000000000000000000000000000000000000000001|00000000000000000000000000000000000000000000000001|0000000000000000000000000000000000000000000000000000000000000000000000000000000000000000000000000001|001|01|00000000000000000001|00000000000000000000000000000000000000000000000001
02|00000023202924000176|00000001|01|01|0000000000000000000000000000000000000000000000000000000000000000000000000000000000000000000000000001|0000000000000000000000000000000000000000000000000000000000000000000000000000000000000000000000000001|00000000000000000000000000000000000000000000000001|0000000000000000000000000000000000000000000000000000000000000000000000000000000000000000000000000001|001|01|00000000000000000001|00000000000000000000000000000000000000000000000001
02|00000001477861000128|00000001|01|01|0000000000000000000000000000000000000000000000000000000000000000000000000000000000000000000000000001|0000000000000000000000000000000000000000000000000000000000000000000000000000000000000000000000000001|00000000000000000000000000000000000000000000000001|0000000000000000000000000000000000000000000000000000000000000000000000000000000000000000000000000001|001|01|00000000000000000001|00000000000000000000000000000000000000000000000001
02|00000019970138000141|00000001|01|01|0000000000000000000000000000000000000000000000000000000000000000000000000000000000000000000000000001|0000000000000000000000000000000000000000000000000000000000000000000000000000000000000000000000000001|00000000000000000000000000000000000000000000000001|0000000000000000000000000000000000000000000000000000000000000000000000000000000000000000000000000001|001|01|00000000000000000001|00000000000000000000000000000000000000000000000001
02|00000037576377000101|00000001|01|01|0000000000000000000000000000000000000000000000000000000000000000000000000000000000000000000000000001|0000000000000000000000000000000000000000000000000000000000000000000000000000000000000000000000000001|00000000000000000000000000000000000000000000000001|0000000000000000000000000000000000000000000000000000000000000000000000000000000000000000000000000001|001|01|00000000000000000001|00000000000000000000000000000000000000000000000001
