01|RELCLI|050||202305040948|20230504|20230504|22013079000128|07216054000138
02|00000016731862000124|00000001|01|01|0000000000000000000000000000000000000000000000000000000000000000000000000000000000000000000000000001|0000000000000000000000000000000000000000000000000000000000000000000000000000000000000000000000000001|00000000000000000000000000000000000000000000000001|0000000000000000000000000000000000000000000000000000000000000000000000000000000000000000000000000001|001|01|00000000000000000001|00000000000000000000000000000000000000000000000001
02|00000038485259000142|00000001|01|01|0000000000000000000000000000000000000000000000000000000000000000000000000000000000000000000000000001|0000000000000000000000000000000000000000000000000000000000000000000000000000000000000000000000000001|00000000000000000000000000000000000000000000000001|0000000000000000000000000000000000000000000000000000000000000000000000000000000000000000000000000001|001|01|00000000000000000001|00000000000000000000000000000000000000000000000001
02|00000022268347000152|00000001|01|01|0000000000000000000000000000000000000000000000000000000000000000000000000000000000000000000000000001|0000000000000000000000000000000000000000000000000000000000000000000000000000000000000000000000000001|00000000000000000000000000000000000000000000000001|0000000000000000000000000000000000000000000000000000000000000000000000000000000000000000000000000001|001|01|00000000000000000001|00000000000000000000000000000000000000000000000001
02|00000042987508000175|00000001|01|01|0000000000000000000000000000000000000000000000000000000000000000000000000000000000000000000000000001|0000000000000000000000000000000000000000000000000000000000000000000000000000000000000000000000000001|00000000000000000000000000000000000000000000000001|0000000000000000000000000000000000000000000000000000000000000000000000000000000000000000000000000001|001|01|00000000000000000001|00000000000000000000000000000000000000000000000001
02|00000037750941000152|00000001|01|01|0000000000000000000000000000000000000000000000000000000000000000000000000000000000000000000000000001|0000000000000000000000000000000000000000000000000000000000000000000000000000000000000000000000000001|00000000000000000000000000000000000000000000000001|0000000000000000000000000000000000000000000000000000000000000000000000000000000000000000000000000001|001|01|00000000000000000001|00000000000000000000000000000000000000000000000001
02|00000003501773000140|00000001|01|01|0000000000000000000000000000000000000000000000000000000000000000000000000000000000000000000000000001|0000000000000000000000000000000000000000000000000000000000000000000000000000000000000000000000000001|00000000000000000000000000000000000000000000000001|0000000000000000000000000000000000000000000000000000000000000000000000000000000000000000000000000001|001|01|00000000000000000001|00000000000000000000000000000000000000000000000001
02|00000019195176000174|00000001|01|01|0000000000000000000000000000000000000000000000000000000000000000000000000000000000000000000000000001|0000000000000000000000000000000000000000000000000000000000000000000000000000000000000000000000000001|00000000000000000000000000000000000000000000000001|0000000000000000000000000000000000000000000000000000000000000000000000000000000000000000000000000001|001|01|00000000000000000001|00000000000000000000000000000000000000000000000001
02|00000033489352000101|00000001|01|01|0000000000000000000000000000000000000000000000000000000000000000000000000000000000000000000000000001|0000000000000000000000000000000000000000000000000000000000000000000000000000000000000000000000000001|00000000000000000000000000000000000000000000000001|0000000000000000000000000000000000000000000000000000000000000000000000000000000000000000000000000001|001|01|00000000000000000001|00000000000000000000000000000000000000000000000001
02|00000022572140000177|00000001|01|01|0000000000000000000000000000000000000000000000000000000000000000000000000000000000000000000000000001|0000000000000000000000000000000000000000000000000000000000000000000000000000000000000000000000000001|00000000000000000000000000000000000000000000000001|0000000000000000000000000000000000000000000000000000000000000000000000000000000000000000000000000001|001|01|00000000000000000001|00000000000000000000000000000000000000000000000001
02|00000006275513000191|00000001|01|01|0000000000000000000000000000000000000000000000000000000000000000000000000000000000000000000000000001|0000000000000000000000000000000000000000000000000000000000000000000000000000000000000000000000000001|00000000000000000000000000000000000000000000000001|0000000000000000000000000000000000000000000000000000000000000000000000000000000000000000000000000001|001|01|00000000000000000001|00000000000000000000000000000000000000000000000001
02|00000029089460000110|00000001|01|01|0000000000000000000000000000000000000000000000000000000000000000000000000000000000000000000000000001|0000000000000000000000000000000000000000000000000000000000000000000000000000000000000000000000000001|00000000000000000000000000000000000000000000000001|0000000000000000000000000000000000000000000000000000000000000000000000000000000000000000000000000001|001|01|00000000000000000001|00000000000000000000000000000000000000000000000001
02|00000068644533000140|00000001|01|01|0000000000000000000000000000000000000000000000000000000000000000000000000000000000000000000000000001|0000000000000000000000000000000000000000000000000000000000000000000000000000000000000000000000000001|00000000000000000000000000000000000000000000000001|0000000000000000000000000000000000000000000000000000000000000000000000000000000000000000000000000001|001|01|00000000000000000001|00000000000000000000000000000000000000000000000001
02|00000007787509000175|00000001|01|01|0000000000000000000000000000000000000000000000000000000000000000000000000000000000000000000000000001|0000000000000000000000000000000000000000000000000000000000000000000000000000000000000000000000000001|00000000000000000000000000000000000000000000000001|0000000000000000000000000000000000000000000000000000000000000000000000000000000000000000000000000001|001|01|00000000000000000001|00000000000000000000000000000000000000000000000001
02|00000000007500770774|00000001|01|01|0000000000000000000000000000000000000000000000000000000000000000000000000000000000000000000000000001|0000000000000000000000000000000000000000000000000000000000000000000000000000000000000000000000000001|00000000000000000000000000000000000000000000000001|0000000000000000000000000000000000000000000000000000000000000000000000000000000000000000000000000001|001|01|00000000000000000001|00000000000000000000000000000000000000000000000001
02|00000031202963000100|00000001|01|01|0000000000000000000000000000000000000000000000000000000000000000000000000000000000000000000000000001|0000000000000000000000000000000000000000000000000000000000000000000000000000000000000000000000000001|00000000000000000000000000000000000000000000000001|0000000000000000000000000000000000000000000000000000000000000000000000000000000000000000000000000001|001|01|00000000000000000001|00000000000000000000000000000000000000000000000001
02|00000000005552376722|00000001|01|01|0000000000000000000000000000000000000000000000000000000000000000000000000000000000000000000000000001|0000000000000000000000000000000000000000000000000000000000000000000000000000000000000000000000000001|00000000000000000000000000000000000000000000000001|0000000000000000000000000000000000000000000000000000000000000000000000000000000000000000000000000001|001|01|00000000000000000001|00000000000000000000000000000000000000000000000001
02|00000000013356310704|00000001|01|01|0000000000000000000000000000000000000000000000000000000000000000000000000000000000000000000000000001|0000000000000000000000000000000000000000000000000000000000000000000000000000000000000000000000000001|00000000000000000000000000000000000000000000000001|0000000000000000000000000000000000000000000000000000000000000000000000000000000000000000000000000001|001|01|00000000000000000001|00000000000000000000000000000000000000000000000001
02|00000020729334000108|00000001|01|01|0000000000000000000000000000000000000000000000000000000000000000000000000000000000000000000000000001|0000000000000000000000000000000000000000000000000000000000000000000000000000000000000000000000000001|00000000000000000000000000000000000000000000000001|0000000000000000000000000000000000000000000000000000000000000000000000000000000000000000000000000001|001|01|00000000000000000001|00000000000000000000000000000000000000000000000001
02|00000000001800594755|00000001|01|01|0000000000000000000000000000000000000000000000000000000000000000000000000000000000000000000000000001|0000000000000000000000000000000000000000000000000000000000000000000000000000000000000000000000000001|00000000000000000000000000000000000000000000000001|0000000000000000000000000000000000000000000000000000000000000000000000000000000000000000000000000001|001|01|00000000000000000001|00000000000000000000000000000000000000000000000001
02|00000039677642000165|00000001|01|01|0000000000000000000000000000000000000000000000000000000000000000000000000000000000000000000000000001|0000000000000000000000000000000000000000000000000000000000000000000000000000000000000000000000000001|00000000000000000000000000000000000000000000000001|0000000000000000000000000000000000000000000000000000000000000000000000000000000000000000000000000001|001|01|00000000000000000001|00000000000000000000000000000000000000000000000001
02|00000018283401000161|00000001|01|01|0000000000000000000000000000000000000000000000000000000000000000000000000000000000000000000000000001|0000000000000000000000000000000000000000000000000000000000000000000000000000000000000000000000000001|00000000000000000000000000000000000000000000000001|0000000000000000000000000000000000000000000000000000000000000000000000000000000000000000000000000001|001|01|00000000000000000001|00000000000000000000000000000000000000000000000001
02|00000039251981000185|00000001|01|01|0000000000000000000000000000000000000000000000000000000000000000000000000000000000000000000000000001|0000000000000000000000000000000000000000000000000000000000000000000000000000000000000000000000000001|00000000000000000000000000000000000000000000000001|0000000000000000000000000000000000000000000000000000000000000000000000000000000000000000000000000001|001|01|00000000000000000001|00000000000000000000000000000000000000000000000001
02|00000043654429000105|00000001|01|01|0000000000000000000000000000000000000000000000000000000000000000000000000000000000000000000000000001|0000000000000000000000000000000000000000000000000000000000000000000000000000000000000000000000000001|00000000000000000000000000000000000000000000000001|0000000000000000000000000000000000000000000000000000000000000000000000000000000000000000000000000001|001|01|00000000000000000001|00000000000000000000000000000000000000000000000001
02|00000008843686000194|00000001|01|01|0000000000000000000000000000000000000000000000000000000000000000000000000000000000000000000000000001|0000000000000000000000000000000000000000000000000000000000000000000000000000000000000000000000000001|00000000000000000000000000000000000000000000000001|0000000000000000000000000000000000000000000000000000000000000000000000000000000000000000000000000001|001|01|00000000000000000001|00000000000000000000000000000000000000000000000001
02|00000009264856000149|00000001|01|01|0000000000000000000000000000000000000000000000000000000000000000000000000000000000000000000000000001|0000000000000000000000000000000000000000000000000000000000000000000000000000000000000000000000000001|00000000000000000000000000000000000000000000000001|0000000000000000000000000000000000000000000000000000000000000000000000000000000000000000000000000001|001|01|00000000000000000001|00000000000000000000000000000000000000000000000001
02|00000007348970000121|00000001|01|01|0000000000000000000000000000000000000000000000000000000000000000000000000000000000000000000000000001|0000000000000000000000000000000000000000000000000000000000000000000000000000000000000000000000000001|00000000000000000000000000000000000000000000000001|0000000000000000000000000000000000000000000000000000000000000000000000000000000000000000000000000001|001|01|00000000000000000001|00000000000000000000000000000000000000000000000001
02|00000011463652000189|00000001|01|01|0000000000000000000000000000000000000000000000000000000000000000000000000000000000000000000000000001|0000000000000000000000000000000000000000000000000000000000000000000000000000000000000000000000000001|00000000000000000000000000000000000000000000000001|0000000000000000000000000000000000000000000000000000000000000000000000000000000000000000000000000001|001|01|00000000000000000001|00000000000000000000000000000000000000000000000001
02|00000000011111111111|00000001|01|01|0000000000000000000000000000000000000000000000000000000000000000000000000000000000000000000000000001|0000000000000000000000000000000000000000000000000000000000000000000000000000000000000000000000000001|00000000000000000000000000000000000000000000000001|0000000000000000000000000000000000000000000000000000000000000000000000000000000000000000000000000001|001|01|00000000000000000001|00000000000000000000000000000000000000000000000001
02|00000012388737000102|00000001|01|01|0000000000000000000000000000000000000000000000000000000000000000000000000000000000000000000000000001|0000000000000000000000000000000000000000000000000000000000000000000000000000000000000000000000000001|00000000000000000000000000000000000000000000000001|0000000000000000000000000000000000000000000000000000000000000000000000000000000000000000000000000001|001|01|00000000000000000001|00000000000000000000000000000000000000000000000001
02|00000000020390009768|00000001|01|01|0000000000000000000000000000000000000000000000000000000000000000000000000000000000000000000000000001|0000000000000000000000000000000000000000000000000000000000000000000000000000000000000000000000000001|00000000000000000000000000000000000000000000000001|0000000000000000000000000000000000000000000000000000000000000000000000000000000000000000000000000001|001|01|00000000000000000001|00000000000000000000000000000000000000000000000001
02|00000042078749000100|00000001|01|01|0000000000000000000000000000000000000000000000000000000000000000000000000000000000000000000000000001|0000000000000000000000000000000000000000000000000000000000000000000000000000000000000000000000000001|00000000000000000000000000000000000000000000000001|0000000000000000000000000000000000000000000000000000000000000000000000000000000000000000000000000001|001|01|00000000000000000001|00000000000000000000000000000000000000000000000001
02|00000005622046000166|00000001|01|01|0000000000000000000000000000000000000000000000000000000000000000000000000000000000000000000000000001|0000000000000000000000000000000000000000000000000000000000000000000000000000000000000000000000000001|00000000000000000000000000000000000000000000000001|0000000000000000000000000000000000000000000000000000000000000000000000000000000000000000000000000001|001|01|00000000000000000001|00000000000000000000000000000000000000000000000001
02|00000011314851000125|00000001|01|01|0000000000000000000000000000000000000000000000000000000000000000000000000000000000000000000000000001|0000000000000000000000000000000000000000000000000000000000000000000000000000000000000000000000000001|00000000000000000000000000000000000000000000000001|0000000000000000000000000000000000000000000000000000000000000000000000000000000000000000000000000001|001|01|00000000000000000001|00000000000000000000000000000000000000000000000001
02|00000022023002000139|00000001|01|01|0000000000000000000000000000000000000000000000000000000000000000000000000000000000000000000000000001|0000000000000000000000000000000000000000000000000000000000000000000000000000000000000000000000000001|00000000000000000000000000000000000000000000000001|0000000000000000000000000000000000000000000000000000000000000000000000000000000000000000000000000001|001|01|00000000000000000001|00000000000000000000000000000000000000000000000001
02|00000024337828000106|00000001|01|01|0000000000000000000000000000000000000000000000000000000000000000000000000000000000000000000000000001|0000000000000000000000000000000000000000000000000000000000000000000000000000000000000000000000000001|00000000000000000000000000000000000000000000000001|0000000000000000000000000000000000000000000000000000000000000000000000000000000000000000000000000001|001|01|00000000000000000001|00000000000000000000000000000000000000000000000001
02|00000018044251000133|00000001|01|01|0000000000000000000000000000000000000000000000000000000000000000000000000000000000000000000000000001|0000000000000000000000000000000000000000000000000000000000000000000000000000000000000000000000000001|00000000000000000000000000000000000000000000000001|0000000000000000000000000000000000000000000000000000000000000000000000000000000000000000000000000001|001|01|00000000000000000001|00000000000000000000000000000000000000000000000001
02|00000040265506000147|00000001|01|01|0000000000000000000000000000000000000000000000000000000000000000000000000000000000000000000000000001|0000000000000000000000000000000000000000000000000000000000000000000000000000000000000000000000000001|00000000000000000000000000000000000000000000000001|0000000000000000000000000000000000000000000000000000000000000000000000000000000000000000000000000001|001|01|00000000000000000001|00000000000000000000000000000000000000000000000001
02|00000000028503597772|00000001|01|01|0000000000000000000000000000000000000000000000000000000000000000000000000000000000000000000000000001|0000000000000000000000000000000000000000000000000000000000000000000000000000000000000000000000000001|00000000000000000000000000000000000000000000000001|0000000000000000000000000000000000000000000000000000000000000000000000000000000000000000000000000001|001|01|00000000000000000001|00000000000000000000000000000000000000000000000001
02|00000000001786630770|00000001|01|01|0000000000000000000000000000000000000000000000000000000000000000000000000000000000000000000000000001|0000000000000000000000000000000000000000000000000000000000000000000000000000000000000000000000000001|00000000000000000000000000000000000000000000000001|0000000000000000000000000000000000000000000000000000000000000000000000000000000000000000000000000001|001|01|00000000000000000001|00000000000000000000000000000000000000000000000001
02|00000026682970000108|00000001|01|01|0000000000000000000000000000000000000000000000000000000000000000000000000000000000000000000000000001|0000000000000000000000000000000000000000000000000000000000000000000000000000000000000000000000000001|00000000000000000000000000000000000000000000000001|0000000000000000000000000000000000000000000000000000000000000000000000000000000000000000000000000001|001|01|00000000000000000001|00000000000000000000000000000000000000000000000001
02|00000014756893000104|00000001|01|01|0000000000000000000000000000000000000000000000000000000000000000000000000000000000000000000000000001|0000000000000000000000000000000000000000000000000000000000000000000000000000000000000000000000000001|00000000000000000000000000000000000000000000000001|0000000000000000000000000000000000000000000000000000000000000000000000000000000000000000000000000001|001|01|00000000000000000001|00000000000000000000000000000000000000000000000001
02|00000010403850000194|00000001|01|01|0000000000000000000000000000000000000000000000000000000000000000000000000000000000000000000000000001|0000000000000000000000000000000000000000000000000000000000000000000000000000000000000000000000000001|00000000000000000000000000000000000000000000000001|0000000000000000000000000000000000000000000000000000000000000000000000000000000000000000000000000001|001|01|00000000000000000001|00000000000000000000000000000000000000000000000001
02|00000006234006000100|00000001|01|01|0000000000000000000000000000000000000000000000000000000000000000000000000000000000000000000000000001|0000000000000000000000000000000000000000000000000000000000000000000000000000000000000000000000000001|00000000000000000000000000000000000000000000000001|0000000000000000000000000000000000000000000000000000000000000000000000000000000000000000000000000001|001|01|00000000000000000001|00000000000000000000000000000000000000000000000001
02|00000042145964000178|00000001|01|01|0000000000000000000000000000000000000000000000000000000000000000000000000000000000000000000000000001|0000000000000000000000000000000000000000000000000000000000000000000000000000000000000000000000000001|00000000000000000000000000000000000000000000000001|0000000000000000000000000000000000000000000000000000000000000000000000000000000000000000000000000001|001|01|00000000000000000001|00000000000000000000000000000000000000000000000001
02|00000032002174000180|00000001|01|01|0000000000000000000000000000000000000000000000000000000000000000000000000000000000000000000000000001|0000000000000000000000000000000000000000000000000000000000000000000000000000000000000000000000000001|00000000000000000000000000000000000000000000000001|0000000000000000000000000000000000000000000000000000000000000000000000000000000000000000000000000001|001|01|00000000000000000001|00000000000000000000000000000000000000000000000001
02|00000026219195000159|00000001|01|01|0000000000000000000000000000000000000000000000000000000000000000000000000000000000000000000000000001|0000000000000000000000000000000000000000000000000000000000000000000000000000000000000000000000000001|00000000000000000000000000000000000000000000000001|0000000000000000000000000000000000000000000000000000000000000000000000000000000000000000000000000001|001|01|00000000000000000001|00000000000000000000000000000000000000000000000001
02|00000044284889000151|00000001|01|01|0000000000000000000000000000000000000000000000000000000000000000000000000000000000000000000000000001|0000000000000000000000000000000000000000000000000000000000000000000000000000000000000000000000000001|00000000000000000000000000000000000000000000000001|0000000000000000000000000000000000000000000000000000000000000000000000000000000000000000000000000001|001|01|00000000000000000001|00000000000000000000000000000000000000000000000001
02|00000015360767000107|00000001|01|01|0000000000000000000000000000000000000000000000000000000000000000000000000000000000000000000000000001|0000000000000000000000000000000000000000000000000000000000000000000000000000000000000000000000000001|00000000000000000000000000000000000000000000000001|0000000000000000000000000000000000000000000000000000000000000000000000000000000000000000000000000001|001|01|00000000000000000001|00000000000000000000000000000000000000000000000001
02|00000020727318000186|00000001|01|01|0000000000000000000000000000000000000000000000000000000000000000000000000000000000000000000000000001|0000000000000000000000000000000000000000000000000000000000000000000000000000000000000000000000000001|00000000000000000000000000000000000000000000000001|0000000000000000000000000000000000000000000000000000000000000000000000000000000000000000000000000001|001|01|00000000000000000001|00000000000000000000000000000000000000000000000001
02|00000001329282000138|00000001|01|01|0000000000000000000000000000000000000000000000000000000000000000000000000000000000000000000000000001|0000000000000000000000000000000000000000000000000000000000000000000000000000000000000000000000000001|00000000000000000000000000000000000000000000000001|0000000000000000000000000000000000000000000000000000000000000000000000000000000000000000000000000001|001|01|00000000000000000001|00000000000000000000000000000000000000000000000001
02|00000008884605000102|00000001|01|01|0000000000000000000000000000000000000000000000000000000000000000000000000000000000000000000000000001|0000000000000000000000000000000000000000000000000000000000000000000000000000000000000000000000000001|00000000000000000000000000000000000000000000000001|0000000000000000000000000000000000000000000000000000000000000000000000000000000000000000000000000001|001|01|00000000000000000001|00000000000000000000000000000000000000000000000001
02|00000000001202493750|00000001|01|01|0000000000000000000000000000000000000000000000000000000000000000000000000000000000000000000000000001|0000000000000000000000000000000000000000000000000000000000000000000000000000000000000000000000000001|00000000000000000000000000000000000000000000000001|0000000000000000000000000000000000000000000000000000000000000000000000000000000000000000000000000001|001|01|00000000000000000001|00000000000000000000000000000000000000000000000001
02|00000046924648000155|00000001|01|01|0000000000000000000000000000000000000000000000000000000000000000000000000000000000000000000000000001|0000000000000000000000000000000000000000000000000000000000000000000000000000000000000000000000000001|00000000000000000000000000000000000000000000000001|0000000000000000000000000000000000000000000000000000000000000000000000000000000000000000000000000001|001|01|00000000000000000001|00000000000000000000000000000000000000000000000001
02|00000004976773000169|00000001|01|01|0000000000000000000000000000000000000000000000000000000000000000000000000000000000000000000000000001|0000000000000000000000000000000000000000000000000000000000000000000000000000000000000000000000000001|00000000000000000000000000000000000000000000000001|0000000000000000000000000000000000000000000000000000000000000000000000000000000000000000000000000001|001|01|00000000000000000001|00000000000000000000000000000000000000000000000001
02|00000006347956000140|00000001|01|01|0000000000000000000000000000000000000000000000000000000000000000000000000000000000000000000000000001|0000000000000000000000000000000000000000000000000000000000000000000000000000000000000000000000000001|00000000000000000000000000000000000000000000000001|0000000000000000000000000000000000000000000000000000000000000000000000000000000000000000000000000001|001|01|00000000000000000001|00000000000000000000000000000000000000000000000001
02|00000001721862000176|00000001|01|01|0000000000000000000000000000000000000000000000000000000000000000000000000000000000000000000000000001|0000000000000000000000000000000000000000000000000000000000000000000000000000000000000000000000000001|00000000000000000000000000000000000000000000000001|0000000000000000000000000000000000000000000000000000000000000000000000000000000000000000000000000001|001|01|00000000000000000001|00000000000000000000000000000000000000000000000001
02|00000000482998000108|00000001|01|01|0000000000000000000000000000000000000000000000000000000000000000000000000000000000000000000000000001|0000000000000000000000000000000000000000000000000000000000000000000000000000000000000000000000000001|00000000000000000000000000000000000000000000000001|0000000000000000000000000000000000000000000000000000000000000000000000000000000000000000000000000001|001|01|00000000000000000001|00000000000000000000000000000000000000000000000001
02|00000020700433000167|00000001|01|01|0000000000000000000000000000000000000000000000000000000000000000000000000000000000000000000000000001|0000000000000000000000000000000000000000000000000000000000000000000000000000000000000000000000000001|00000000000000000000000000000000000000000000000001|0000000000000000000000000000000000000000000000000000000000000000000000000000000000000000000000000001|001|01|00000000000000000001|00000000000000000000000000000000000000000000000001
02|00000034352080000166|00000001|01|01|0000000000000000000000000000000000000000000000000000000000000000000000000000000000000000000000000001|0000000000000000000000000000000000000000000000000000000000000000000000000000000000000000000000000001|00000000000000000000000000000000000000000000000001|0000000000000000000000000000000000000000000000000000000000000000000000000000000000000000000000000001|001|01|00000000000000000001|00000000000000000000000000000000000000000000000001
02|00000000037298119320|00000001|01|01|0000000000000000000000000000000000000000000000000000000000000000000000000000000000000000000000000001|0000000000000000000000000000000000000000000000000000000000000000000000000000000000000000000000000001|00000000000000000000000000000000000000000000000001|0000000000000000000000000000000000000000000000000000000000000000000000000000000000000000000000000001|001|01|00000000000000000001|00000000000000000000000000000000000000000000000001
02|00000000093239092700|00000001|01|01|0000000000000000000000000000000000000000000000000000000000000000000000000000000000000000000000000001|0000000000000000000000000000000000000000000000000000000000000000000000000000000000000000000000000001|00000000000000000000000000000000000000000000000001|0000000000000000000000000000000000000000000000000000000000000000000000000000000000000000000000000001|001|01|00000000000000000001|00000000000000000000000000000000000000000000000001
02|00000033102542000124|00000001|01|01|0000000000000000000000000000000000000000000000000000000000000000000000000000000000000000000000000001|0000000000000000000000000000000000000000000000000000000000000000000000000000000000000000000000000001|00000000000000000000000000000000000000000000000001|0000000000000000000000000000000000000000000000000000000000000000000000000000000000000000000000000001|001|01|00000000000000000001|00000000000000000000000000000000000000000000000001
02|00000021349855000100|00000001|01|01|0000000000000000000000000000000000000000000000000000000000000000000000000000000000000000000000000001|0000000000000000000000000000000000000000000000000000000000000000000000000000000000000000000000000001|00000000000000000000000000000000000000000000000001|0000000000000000000000000000000000000000000000000000000000000000000000000000000000000000000000000001|001|01|00000000000000000001|00000000000000000000000000000000000000000000000001
02|00000029340323000106|00000001|01|01|0000000000000000000000000000000000000000000000000000000000000000000000000000000000000000000000000001|0000000000000000000000000000000000000000000000000000000000000000000000000000000000000000000000000001|00000000000000000000000000000000000000000000000001|0000000000000000000000000000000000000000000000000000000000000000000000000000000000000000000000000001|001|01|00000000000000000001|00000000000000000000000000000000000000000000000001
02|00000000007321553710|00000001|01|01|0000000000000000000000000000000000000000000000000000000000000000000000000000000000000000000000000001|0000000000000000000000000000000000000000000000000000000000000000000000000000000000000000000000000001|00000000000000000000000000000000000000000000000001|0000000000000000000000000000000000000000000000000000000000000000000000000000000000000000000000000001|001|01|00000000000000000001|00000000000000000000000000000000000000000000000001
02|00000027379123000131|00000001|01|01|0000000000000000000000000000000000000000000000000000000000000000000000000000000000000000000000000001|0000000000000000000000000000000000000000000000000000000000000000000000000000000000000000000000000001|00000000000000000000000000000000000000000000000001|0000000000000000000000000000000000000000000000000000000000000000000000000000000000000000000000000001|001|01|00000000000000000001|00000000000000000000000000000000000000000000000001
02|00000000089868250749|00000001|01|01|0000000000000000000000000000000000000000000000000000000000000000000000000000000000000000000000000001|0000000000000000000000000000000000000000000000000000000000000000000000000000000000000000000000000001|00000000000000000000000000000000000000000000000001|0000000000000000000000000000000000000000000000000000000000000000000000000000000000000000000000000001|001|01|00000000000000000001|00000000000000000000000000000000000000000000000001
02|00000006029385000104|00000001|01|01|0000000000000000000000000000000000000000000000000000000000000000000000000000000000000000000000000001|0000000000000000000000000000000000000000000000000000000000000000000000000000000000000000000000000001|00000000000000000000000000000000000000000000000001|0000000000000000000000000000000000000000000000000000000000000000000000000000000000000000000000000001|001|01|00000000000000000001|00000000000000000000000000000000000000000000000001
02|00000040760752000175|00000001|01|01|0000000000000000000000000000000000000000000000000000000000000000000000000000000000000000000000000001|0000000000000000000000000000000000000000000000000000000000000000000000000000000000000000000000000001|00000000000000000000000000000000000000000000000001|0000000000000000000000000000000000000000000000000000000000000000000000000000000000000000000000000001|001|01|00000000000000000001|00000000000000000000000000000000000000000000000001
02|00000033377249000170|00000001|01|01|0000000000000000000000000000000000000000000000000000000000000000000000000000000000000000000000000001|0000000000000000000000000000000000000000000000000000000000000000000000000000000000000000000000000001|00000000000000000000000000000000000000000000000001|0000000000000000000000000000000000000000000000000000000000000000000000000000000000000000000000000001|001|01|00000000000000000001|00000000000000000000000000000000000000000000000001
02|00000020248853000154|00000001|01|01|0000000000000000000000000000000000000000000000000000000000000000000000000000000000000000000000000001|0000000000000000000000000000000000000000000000000000000000000000000000000000000000000000000000000001|00000000000000000000000000000000000000000000000001|0000000000000000000000000000000000000000000000000000000000000000000000000000000000000000000000000001|001|01|00000000000000000001|00000000000000000000000000000000000000000000000001
02|00000068567650000157|00000001|01|01|0000000000000000000000000000000000000000000000000000000000000000000000000000000000000000000000000001|0000000000000000000000000000000000000000000000000000000000000000000000000000000000000000000000000001|00000000000000000000000000000000000000000000000001|0000000000000000000000000000000000000000000000000000000000000000000000000000000000000000000000000001|001|01|00000000000000000001|00000000000000000000000000000000000000000000000001
02|00000015002604000144|00000001|01|01|0000000000000000000000000000000000000000000000000000000000000000000000000000000000000000000000000001|0000000000000000000000000000000000000000000000000000000000000000000000000000000000000000000000000001|00000000000000000000000000000000000000000000000001|0000000000000000000000000000000000000000000000000000000000000000000000000000000000000000000000000001|001|01|00000000000000000001|00000000000000000000000000000000000000000000000001
02|00000013716207000109|00000001|01|01|0000000000000000000000000000000000000000000000000000000000000000000000000000000000000000000000000001|0000000000000000000000000000000000000000000000000000000000000000000000000000000000000000000000000001|00000000000000000000000000000000000000000000000001|0000000000000000000000000000000000000000000000000000000000000000000000000000000000000000000000000001|001|01|00000000000000000001|00000000000000000000000000000000000000000000000001
02|00000012508777000140|00000001|01|01|0000000000000000000000000000000000000000000000000000000000000000000000000000000000000000000000000001|0000000000000000000000000000000000000000000000000000000000000000000000000000000000000000000000000001|00000000000000000000000000000000000000000000000001|0000000000000000000000000000000000000000000000000000000000000000000000000000000000000000000000000001|001|01|00000000000000000001|00000000000000000000000000000000000000000000000001
02|00000028666428002300|00000001|01|01|0000000000000000000000000000000000000000000000000000000000000000000000000000000000000000000000000001|0000000000000000000000000000000000000000000000000000000000000000000000000000000000000000000000000001|00000000000000000000000000000000000000000000000001|0000000000000000000000000000000000000000000000000000000000000000000000000000000000000000000000000001|001|01|00000000000000000001|00000000000000000000000000000000000000000000000001
02|00000027623257000156|00000001|01|01|0000000000000000000000000000000000000000000000000000000000000000000000000000000000000000000000000001|0000000000000000000000000000000000000000000000000000000000000000000000000000000000000000000000000001|00000000000000000000000000000000000000000000000001|0000000000000000000000000000000000000000000000000000000000000000000000000000000000000000000000000001|001|01|00000000000000000001|00000000000000000000000000000000000000000000000001
02|00000022013079000128|00000001|01|01|0000000000000000000000000000000000000000000000000000000000000000000000000000000000000000000000000001|0000000000000000000000000000000000000000000000000000000000000000000000000000000000000000000000000001|00000000000000000000000000000000000000000000000001|0000000000000000000000000000000000000000000000000000000000000000000000000000000000000000000000000001|001|01|00000000000000000001|00000000000000000000000000000000000000000000000001
02|00000000323439000155|00000001|01|01|0000000000000000000000000000000000000000000000000000000000000000000000000000000000000000000000000001|0000000000000000000000000000000000000000000000000000000000000000000000000000000000000000000000000001|00000000000000000000000000000000000000000000000001|0000000000000000000000000000000000000000000000000000000000000000000000000000000000000000000000000001|001|01|00000000000000000001|00000000000000000000000000000000000000000000000001
02|00000012109478000133|00000001|01|01|0000000000000000000000000000000000000000000000000000000000000000000000000000000000000000000000000001|0000000000000000000000000000000000000000000000000000000000000000000000000000000000000000000000000001|00000000000000000000000000000000000000000000000001|0000000000000000000000000000000000000000000000000000000000000000000000000000000000000000000000000001|001|01|00000000000000000001|00000000000000000000000000000000000000000000000001
02|00000001751533000178|00000001|01|01|0000000000000000000000000000000000000000000000000000000000000000000000000000000000000000000000000001|0000000000000000000000000000000000000000000000000000000000000000000000000000000000000000000000000001|00000000000000000000000000000000000000000000000001|0000000000000000000000000000000000000000000000000000000000000000000000000000000000000000000000000001|001|01|00000000000000000001|00000000000000000000000000000000000000000000000001
02|00000013725103000160|00000001|01|01|0000000000000000000000000000000000000000000000000000000000000000000000000000000000000000000000000001|0000000000000000000000000000000000000000000000000000000000000000000000000000000000000000000000000001|00000000000000000000000000000000000000000000000001|0000000000000000000000000000000000000000000000000000000000000000000000000000000000000000000000000001|001|01|00000000000000000001|00000000000000000000000000000000000000000000000001
02|00000024823870000129|00000001|01|01|0000000000000000000000000000000000000000000000000000000000000000000000000000000000000000000000000001|0000000000000000000000000000000000000000000000000000000000000000000000000000000000000000000000000001|00000000000000000000000000000000000000000000000001|0000000000000000000000000000000000000000000000000000000000000000000000000000000000000000000000000001|001|01|00000000000000000001|00000000000000000000000000000000000000000000000001
02|00000000013954869721|00000001|01|01|0000000000000000000000000000000000000000000000000000000000000000000000000000000000000000000000000001|0000000000000000000000000000000000000000000000000000000000000000000000000000000000000000000000000001|00000000000000000000000000000000000000000000000001|0000000000000000000000000000000000000000000000000000000000000000000000000000000000000000000000000001|001|01|00000000000000000001|00000000000000000000000000000000000000000000000001
02|00000000009638453737|00000001|01|01|0000000000000000000000000000000000000000000000000000000000000000000000000000000000000000000000000001|0000000000000000000000000000000000000000000000000000000000000000000000000000000000000000000000000001|00000000000000000000000000000000000000000000000001|0000000000000000000000000000000000000000000000000000000000000000000000000000000000000000000000000001|001|01|00000000000000000001|00000000000000000000000000000000000000000000000001
02||00000001|01|01|0000000000000000000000000000000000000000000000000000000000000000000000000000000000000000000000000001|0000000000000000000000000000000000000000000000000000000000000000000000000000000000000000000000000001|00000000000000000000000000000000000000000000000001|0000000000000000000000000000000000000000000000000000000000000000000000000000000000000000000000000001|001|01|00000000000000000001|00000000000000000000000000000000000000000000000001
02|00000009226685000163|00000001|01|01|0000000000000000000000000000000000000000000000000000000000000000000000000000000000000000000000000001|0000000000000000000000000000000000000000000000000000000000000000000000000000000000000000000000000001|00000000000000000000000000000000000000000000000001|0000000000000000000000000000000000000000000000000000000000000000000000000000000000000000000000000001|001|01|00000000000000000001|00000000000000000000000000000000000000000000000001
02|00000041936491000164|00000001|01|01|0000000000000000000000000000000000000000000000000000000000000000000000000000000000000000000000000001|0000000000000000000000000000000000000000000000000000000000000000000000000000000000000000000000000001|00000000000000000000000000000000000000000000000001|0000000000000000000000000000000000000000000000000000000000000000000000000000000000000000000000000001|001|01|00000000000000000001|00000000000000000000000000000000000000000000000001
02|00000033656067000138|00000001|01|01|0000000000000000000000000000000000000000000000000000000000000000000000000000000000000000000000000001|0000000000000000000000000000000000000000000000000000000000000000000000000000000000000000000000000001|00000000000000000000000000000000000000000000000001|0000000000000000000000000000000000000000000000000000000000000000000000000000000000000000000000000001|001|01|00000000000000000001|00000000000000000000000000000000000000000000000001
02|00000005622093000100|00000001|01|01|0000000000000000000000000000000000000000000000000000000000000000000000000000000000000000000000000001|0000000000000000000000000000000000000000000000000000000000000000000000000000000000000000000000000001|00000000000000000000000000000000000000000000000001|0000000000000000000000000000000000000000000000000000000000000000000000000000000000000000000000000001|001|01|00000000000000000001|00000000000000000000000000000000000000000000000001
02|00000002917249000191|00000001|01|01|0000000000000000000000000000000000000000000000000000000000000000000000000000000000000000000000000001|0000000000000000000000000000000000000000000000000000000000000000000000000000000000000000000000000001|00000000000000000000000000000000000000000000000001|0000000000000000000000000000000000000000000000000000000000000000000000000000000000000000000000000001|001|01|00000000000000000001|00000000000000000000000000000000000000000000000001
02|00000005120086000100|00000001|01|01|0000000000000000000000000000000000000000000000000000000000000000000000000000000000000000000000000001|0000000000000000000000000000000000000000000000000000000000000000000000000000000000000000000000000001|00000000000000000000000000000000000000000000000001|0000000000000000000000000000000000000000000000000000000000000000000000000000000000000000000000000001|001|01|00000000000000000001|00000000000000000000000000000000000000000000000001
02|00000039777776000158|00000001|01|01|0000000000000000000000000000000000000000000000000000000000000000000000000000000000000000000000000001|0000000000000000000000000000000000000000000000000000000000000000000000000000000000000000000000000001|00000000000000000000000000000000000000000000000001|0000000000000000000000000000000000000000000000000000000000000000000000000000000000000000000000000001|001|01|00000000000000000001|00000000000000000000000000000000000000000000000001
02|00000030381073000131|00000001|01|01|0000000000000000000000000000000000000000000000000000000000000000000000000000000000000000000000000001|0000000000000000000000000000000000000000000000000000000000000000000000000000000000000000000000000001|00000000000000000000000000000000000000000000000001|0000000000000000000000000000000000000000000000000000000000000000000000000000000000000000000000000001|001|01|00000000000000000001|00000000000000000000000000000000000000000000000001
02|00000014213907000143|00000001|01|01|0000000000000000000000000000000000000000000000000000000000000000000000000000000000000000000000000001|0000000000000000000000000000000000000000000000000000000000000000000000000000000000000000000000000001|00000000000000000000000000000000000000000000000001|0000000000000000000000000000000000000000000000000000000000000000000000000000000000000000000000000001|001|01|00000000000000000001|00000000000000000000000000000000000000000000000001
02|00000032257019000104|00000001|01|01|0000000000000000000000000000000000000000000000000000000000000000000000000000000000000000000000000001|0000000000000000000000000000000000000000000000000000000000000000000000000000000000000000000000000001|00000000000000000000000000000000000000000000000001|0000000000000000000000000000000000000000000000000000000000000000000000000000000000000000000000000001|001|01|00000000000000000001|00000000000000000000000000000000000000000000000001
02|00000017190697000103|00000001|01|01|0000000000000000000000000000000000000000000000000000000000000000000000000000000000000000000000000001|0000000000000000000000000000000000000000000000000000000000000000000000000000000000000000000000000001|00000000000000000000000000000000000000000000000001|0000000000000000000000000000000000000000000000000000000000000000000000000000000000000000000000000001|001|01|00000000000000000001|00000000000000000000000000000000000000000000000001
