"LPAD(1,2,0)||'|'||'RELCLI'||'|'||LPAD(50,3,0)||'|'||:SEQUENCIA||'|'||TO_CHAR(SYSDATE-1,'YYYYMMDDHHMI')||'|'||TO_CHAR(SYSDATE-1,'YYYYMMDD')||'|'||TO_CHAR(SYSDATE-1,'YYYYMMDD')||'|'||'22013079000128'||'|'||'07216054000138'"
"01|RELCLI|050||202304051006|20230405|20230405|22013079000128|07216054000138"
"02|00000016731862000124|00000001|01|01|0000000000000000000000000000000000000000000000000000000000000000000000000000000000000000000000000001|0000000000000000000000000000000000000000000000000000000000000000000000000000000000000000000000000001|00000000000000000000000000000000000000000000000001|0000000000000000000000000000000000000000000000000000000000000000000000000000000000000000000000000001|001|01|00000000000000000001|00000000000000000000000000000000000000000000000001"
"02|00000028442602000118|00000001|01|01|0000000000000000000000000000000000000000000000000000000000000000000000000000000000000000000000000001|0000000000000000000000000000000000000000000000000000000000000000000000000000000000000000000000000001|00000000000000000000000000000000000000000000000001|0000000000000000000000000000000000000000000000000000000000000000000000000000000000000000000000000001|001|01|00000000000000000001|00000000000000000000000000000000000000000000000001"
"02|00000020397310000107|00000001|01|01|0000000000000000000000000000000000000000000000000000000000000000000000000000000000000000000000000001|0000000000000000000000000000000000000000000000000000000000000000000000000000000000000000000000000001|00000000000000000000000000000000000000000000000001|0000000000000000000000000000000000000000000000000000000000000000000000000000000000000000000000000001|001|01|00000000000000000001|00000000000000000000000000000000000000000000000001"
"02|00000068644533000140|00000001|01|01|0000000000000000000000000000000000000000000000000000000000000000000000000000000000000000000000000001|0000000000000000000000000000000000000000000000000000000000000000000000000000000000000000000000000001|00000000000000000000000000000000000000000000000001|0000000000000000000000000000000000000000000000000000000000000000000000000000000000000000000000000001|001|01|00000000000000000001|00000000000000000000000000000000000000000000000001"
"02|00000042476615000139|00000001|01|01|0000000000000000000000000000000000000000000000000000000000000000000000000000000000000000000000000001|0000000000000000000000000000000000000000000000000000000000000000000000000000000000000000000000000001|00000000000000000000000000000000000000000000000001|0000000000000000000000000000000000000000000000000000000000000000000000000000000000000000000000000001|001|01|00000000000000000001|00000000000000000000000000000000000000000000000001"
"02|00000033059684000156|00000001|01|01|0000000000000000000000000000000000000000000000000000000000000000000000000000000000000000000000000001|0000000000000000000000000000000000000000000000000000000000000000000000000000000000000000000000000001|00000000000000000000000000000000000000000000000001|0000000000000000000000000000000000000000000000000000000000000000000000000000000000000000000000000001|001|01|00000000000000000001|00000000000000000000000000000000000000000000000001"
"02|00000031202963000100|00000001|01|01|0000000000000000000000000000000000000000000000000000000000000000000000000000000000000000000000000001|0000000000000000000000000000000000000000000000000000000000000000000000000000000000000000000000000001|00000000000000000000000000000000000000000000000001|0000000000000000000000000000000000000000000000000000000000000000000000000000000000000000000000000001|001|01|00000000000000000001|00000000000000000000000000000000000000000000000001"
"02|00000005088627000160|00000001|01|01|0000000000000000000000000000000000000000000000000000000000000000000000000000000000000000000000000001|0000000000000000000000000000000000000000000000000000000000000000000000000000000000000000000000000001|00000000000000000000000000000000000000000000000001|0000000000000000000000000000000000000000000000000000000000000000000000000000000000000000000000000001|001|01|00000000000000000001|00000000000000000000000000000000000000000000000001"
"02|00000000005552376722|00000001|01|01|0000000000000000000000000000000000000000000000000000000000000000000000000000000000000000000000000001|0000000000000000000000000000000000000000000000000000000000000000000000000000000000000000000000000001|00000000000000000000000000000000000000000000000001|0000000000000000000000000000000000000000000000000000000000000000000000000000000000000000000000000001|001|01|00000000000000000001|00000000000000000000000000000000000000000000000001"
"02|00000029089460000110|00000001|01|01|0000000000000000000000000000000000000000000000000000000000000000000000000000000000000000000000000001|0000000000000000000000000000000000000000000000000000000000000000000000000000000000000000000000000001|00000000000000000000000000000000000000000000000001|0000000000000000000000000000000000000000000000000000000000000000000000000000000000000000000000000001|001|01|00000000000000000001|00000000000000000000000000000000000000000000000001"
"02|00000000096571497700|00000001|01|01|0000000000000000000000000000000000000000000000000000000000000000000000000000000000000000000000000001|0000000000000000000000000000000000000000000000000000000000000000000000000000000000000000000000000001|00000000000000000000000000000000000000000000000001|0000000000000000000000000000000000000000000000000000000000000000000000000000000000000000000000000001|001|01|00000000000000000001|00000000000000000000000000000000000000000000000001"
"02|00000008228656000178|00000001|01|01|0000000000000000000000000000000000000000000000000000000000000000000000000000000000000000000000000001|0000000000000000000000000000000000000000000000000000000000000000000000000000000000000000000000000001|00000000000000000000000000000000000000000000000001|0000000000000000000000000000000000000000000000000000000000000000000000000000000000000000000000000001|001|01|00000000000000000001|00000000000000000000000000000000000000000000000001"
"02|00000034136556000121|00000001|01|01|0000000000000000000000000000000000000000000000000000000000000000000000000000000000000000000000000001|0000000000000000000000000000000000000000000000000000000000000000000000000000000000000000000000000001|00000000000000000000000000000000000000000000000001|0000000000000000000000000000000000000000000000000000000000000000000000000000000000000000000000000001|001|01|00000000000000000001|00000000000000000000000000000000000000000000000001"
"02|00000002203957000160|00000001|01|01|0000000000000000000000000000000000000000000000000000000000000000000000000000000000000000000000000001|0000000000000000000000000000000000000000000000000000000000000000000000000000000000000000000000000001|00000000000000000000000000000000000000000000000001|0000000000000000000000000000000000000000000000000000000000000000000000000000000000000000000000000001|001|01|00000000000000000001|00000000000000000000000000000000000000000000000001"
"02|00000014731508000174|00000001|01|01|0000000000000000000000000000000000000000000000000000000000000000000000000000000000000000000000000001|0000000000000000000000000000000000000000000000000000000000000000000000000000000000000000000000000001|00000000000000000000000000000000000000000000000001|0000000000000000000000000000000000000000000000000000000000000000000000000000000000000000000000000001|001|01|00000000000000000001|00000000000000000000000000000000000000000000000001"
"02|00000012333768000166|00000001|01|01|0000000000000000000000000000000000000000000000000000000000000000000000000000000000000000000000000001|0000000000000000000000000000000000000000000000000000000000000000000000000000000000000000000000000001|00000000000000000000000000000000000000000000000001|0000000000000000000000000000000000000000000000000000000000000000000000000000000000000000000000000001|001|01|00000000000000000001|00000000000000000000000000000000000000000000000001"
"02|00000033474065000128|00000001|01|01|0000000000000000000000000000000000000000000000000000000000000000000000000000000000000000000000000001|0000000000000000000000000000000000000000000000000000000000000000000000000000000000000000000000000001|00000000000000000000000000000000000000000000000001|0000000000000000000000000000000000000000000000000000000000000000000000000000000000000000000000000001|001|01|00000000000000000001|00000000000000000000000000000000000000000000000001"
"02|00000039251981000185|00000001|01|01|0000000000000000000000000000000000000000000000000000000000000000000000000000000000000000000000000001|0000000000000000000000000000000000000000000000000000000000000000000000000000000000000000000000000001|00000000000000000000000000000000000000000000000001|0000000000000000000000000000000000000000000000000000000000000000000000000000000000000000000000000001|001|01|00000000000000000001|00000000000000000000000000000000000000000000000001"
"02|00000000000842384707|00000001|01|01|0000000000000000000000000000000000000000000000000000000000000000000000000000000000000000000000000001|0000000000000000000000000000000000000000000000000000000000000000000000000000000000000000000000000001|00000000000000000000000000000000000000000000000001|0000000000000000000000000000000000000000000000000000000000000000000000000000000000000000000000000001|001|01|00000000000000000001|00000000000000000000000000000000000000000000000001"
"02|00000018235645000179|00000001|01|01|0000000000000000000000000000000000000000000000000000000000000000000000000000000000000000000000000001|0000000000000000000000000000000000000000000000000000000000000000000000000000000000000000000000000001|00000000000000000000000000000000000000000000000001|0000000000000000000000000000000000000000000000000000000000000000000000000000000000000000000000000001|001|01|00000000000000000001|00000000000000000000000000000000000000000000000001"
"02|00000033145061000104|00000001|01|01|0000000000000000000000000000000000000000000000000000000000000000000000000000000000000000000000000001|0000000000000000000000000000000000000000000000000000000000000000000000000000000000000000000000000001|00000000000000000000000000000000000000000000000001|0000000000000000000000000000000000000000000000000000000000000000000000000000000000000000000000000001|001|01|00000000000000000001|00000000000000000000000000000000000000000000000001"
"02|00000018283401000161|00000001|01|01|0000000000000000000000000000000000000000000000000000000000000000000000000000000000000000000000000001|0000000000000000000000000000000000000000000000000000000000000000000000000000000000000000000000000001|00000000000000000000000000000000000000000000000001|0000000000000000000000000000000000000000000000000000000000000000000000000000000000000000000000000001|001|01|00000000000000000001|00000000000000000000000000000000000000000000000001"
"02|00000000001800594755|00000001|01|01|0000000000000000000000000000000000000000000000000000000000000000000000000000000000000000000000000001|0000000000000000000000000000000000000000000000000000000000000000000000000000000000000000000000000001|00000000000000000000000000000000000000000000000001|0000000000000000000000000000000000000000000000000000000000000000000000000000000000000000000000000001|001|01|00000000000000000001|00000000000000000000000000000000000000000000000001"
"02|00000000011111111111|00000001|01|01|0000000000000000000000000000000000000000000000000000000000000000000000000000000000000000000000000001|0000000000000000000000000000000000000000000000000000000000000000000000000000000000000000000000000001|00000000000000000000000000000000000000000000000001|0000000000000000000000000000000000000000000000000000000000000000000000000000000000000000000000000001|001|01|00000000000000000001|00000000000000000000000000000000000000000000000001"
"02|00000011314851000125|00000001|01|01|0000000000000000000000000000000000000000000000000000000000000000000000000000000000000000000000000001|0000000000000000000000000000000000000000000000000000000000000000000000000000000000000000000000000001|00000000000000000000000000000000000000000000000001|0000000000000000000000000000000000000000000000000000000000000000000000000000000000000000000000000001|001|01|00000000000000000001|00000000000000000000000000000000000000000000000001"
"02|00000037806512000150|00000001|01|01|0000000000000000000000000000000000000000000000000000000000000000000000000000000000000000000000000001|0000000000000000000000000000000000000000000000000000000000000000000000000000000000000000000000000001|00000000000000000000000000000000000000000000000001|0000000000000000000000000000000000000000000000000000000000000000000000000000000000000000000000000001|001|01|00000000000000000001|00000000000000000000000000000000000000000000000001"
"02|00000007095945000183|00000001|01|01|0000000000000000000000000000000000000000000000000000000000000000000000000000000000000000000000000001|0000000000000000000000000000000000000000000000000000000000000000000000000000000000000000000000000001|00000000000000000000000000000000000000000000000001|0000000000000000000000000000000000000000000000000000000000000000000000000000000000000000000000000001|001|01|00000000000000000001|00000000000000000000000000000000000000000000000001"
"02|00000001815999000190|00000001|01|01|0000000000000000000000000000000000000000000000000000000000000000000000000000000000000000000000000001|0000000000000000000000000000000000000000000000000000000000000000000000000000000000000000000000000001|00000000000000000000000000000000000000000000000001|0000000000000000000000000000000000000000000000000000000000000000000000000000000000000000000000000001|001|01|00000000000000000001|00000000000000000000000000000000000000000000000001"
"02|00000000028503597772|00000001|01|01|0000000000000000000000000000000000000000000000000000000000000000000000000000000000000000000000000001|0000000000000000000000000000000000000000000000000000000000000000000000000000000000000000000000000001|00000000000000000000000000000000000000000000000001|0000000000000000000000000000000000000000000000000000000000000000000000000000000000000000000000000001|001|01|00000000000000000001|00000000000000000000000000000000000000000000000001"
"02|00000005622046000166|00000001|01|01|0000000000000000000000000000000000000000000000000000000000000000000000000000000000000000000000000001|0000000000000000000000000000000000000000000000000000000000000000000000000000000000000000000000000001|00000000000000000000000000000000000000000000000001|0000000000000000000000000000000000000000000000000000000000000000000000000000000000000000000000000001|001|01|00000000000000000001|00000000000000000000000000000000000000000000000001"
"02|00000040216947000159|00000001|01|01|0000000000000000000000000000000000000000000000000000000000000000000000000000000000000000000000000001|0000000000000000000000000000000000000000000000000000000000000000000000000000000000000000000000000001|00000000000000000000000000000000000000000000000001|0000000000000000000000000000000000000000000000000000000000000000000000000000000000000000000000000001|001|01|00000000000000000001|00000000000000000000000000000000000000000000000001"
"02|00000010436655000160|00000001|01|01|0000000000000000000000000000000000000000000000000000000000000000000000000000000000000000000000000001|0000000000000000000000000000000000000000000000000000000000000000000000000000000000000000000000000001|00000000000000000000000000000000000000000000000001|0000000000000000000000000000000000000000000000000000000000000000000000000000000000000000000000000001|001|01|00000000000000000001|00000000000000000000000000000000000000000000000001"
"02|00000018044251000133|00000001|01|01|0000000000000000000000000000000000000000000000000000000000000000000000000000000000000000000000000001|0000000000000000000000000000000000000000000000000000000000000000000000000000000000000000000000000001|00000000000000000000000000000000000000000000000001|0000000000000000000000000000000000000000000000000000000000000000000000000000000000000000000000000001|001|01|00000000000000000001|00000000000000000000000000000000000000000000000001"
"02|00000026682970000108|00000001|01|01|0000000000000000000000000000000000000000000000000000000000000000000000000000000000000000000000000001|0000000000000000000000000000000000000000000000000000000000000000000000000000000000000000000000000001|00000000000000000000000000000000000000000000000001|0000000000000000000000000000000000000000000000000000000000000000000000000000000000000000000000000001|001|01|00000000000000000001|00000000000000000000000000000000000000000000000001"
"02|00000000000136416705|00000001|01|01|0000000000000000000000000000000000000000000000000000000000000000000000000000000000000000000000000001|0000000000000000000000000000000000000000000000000000000000000000000000000000000000000000000000000001|00000000000000000000000000000000000000000000000001|0000000000000000000000000000000000000000000000000000000000000000000000000000000000000000000000000001|001|01|00000000000000000001|00000000000000000000000000000000000000000000000001"
"02|00000022023002000139|00000001|01|01|0000000000000000000000000000000000000000000000000000000000000000000000000000000000000000000000000001|0000000000000000000000000000000000000000000000000000000000000000000000000000000000000000000000000001|00000000000000000000000000000000000000000000000001|0000000000000000000000000000000000000000000000000000000000000000000000000000000000000000000000000001|001|01|00000000000000000001|00000000000000000000000000000000000000000000000001"
"02|00000002751591000164|00000001|01|01|0000000000000000000000000000000000000000000000000000000000000000000000000000000000000000000000000001|0000000000000000000000000000000000000000000000000000000000000000000000000000000000000000000000000001|00000000000000000000000000000000000000000000000001|0000000000000000000000000000000000000000000000000000000000000000000000000000000000000000000000000001|001|01|00000000000000000001|00000000000000000000000000000000000000000000000001"
"02|00000012388737000102|00000001|01|01|0000000000000000000000000000000000000000000000000000000000000000000000000000000000000000000000000001|0000000000000000000000000000000000000000000000000000000000000000000000000000000000000000000000000001|00000000000000000000000000000000000000000000000001|0000000000000000000000000000000000000000000000000000000000000000000000000000000000000000000000000001|001|01|00000000000000000001|00000000000000000000000000000000000000000000000001"
"02|00000027843077000180|00000001|01|01|0000000000000000000000000000000000000000000000000000000000000000000000000000000000000000000000000001|0000000000000000000000000000000000000000000000000000000000000000000000000000000000000000000000000001|00000000000000000000000000000000000000000000000001|0000000000000000000000000000000000000000000000000000000000000000000000000000000000000000000000000001|001|01|00000000000000000001|00000000000000000000000000000000000000000000000001"
"02|00000023546457000100|00000001|01|01|0000000000000000000000000000000000000000000000000000000000000000000000000000000000000000000000000001|0000000000000000000000000000000000000000000000000000000000000000000000000000000000000000000000000001|00000000000000000000000000000000000000000000000001|0000000000000000000000000000000000000000000000000000000000000000000000000000000000000000000000000001|001|01|00000000000000000001|00000000000000000000000000000000000000000000000001"
"02|00000047292532000103|00000001|01|01|0000000000000000000000000000000000000000000000000000000000000000000000000000000000000000000000000001|0000000000000000000000000000000000000000000000000000000000000000000000000000000000000000000000000001|00000000000000000000000000000000000000000000000001|0000000000000000000000000000000000000000000000000000000000000000000000000000000000000000000000000001|001|01|00000000000000000001|00000000000000000000000000000000000000000000000001"
"02|00000001329282000138|00000001|01|01|0000000000000000000000000000000000000000000000000000000000000000000000000000000000000000000000000001|0000000000000000000000000000000000000000000000000000000000000000000000000000000000000000000000000001|00000000000000000000000000000000000000000000000001|0000000000000000000000000000000000000000000000000000000000000000000000000000000000000000000000000001|001|01|00000000000000000001|00000000000000000000000000000000000000000000000001"
"02|00000012935241000616|00000001|01|01|0000000000000000000000000000000000000000000000000000000000000000000000000000000000000000000000000001|0000000000000000000000000000000000000000000000000000000000000000000000000000000000000000000000000001|00000000000000000000000000000000000000000000000001|0000000000000000000000000000000000000000000000000000000000000000000000000000000000000000000000000001|001|01|00000000000000000001|00000000000000000000000000000000000000000000000001"
"02|00000044284889000151|00000001|01|01|0000000000000000000000000000000000000000000000000000000000000000000000000000000000000000000000000001|0000000000000000000000000000000000000000000000000000000000000000000000000000000000000000000000000001|00000000000000000000000000000000000000000000000001|0000000000000000000000000000000000000000000000000000000000000000000000000000000000000000000000000001|001|01|00000000000000000001|00000000000000000000000000000000000000000000000001"
"02|00000046924648000155|00000001|01|01|0000000000000000000000000000000000000000000000000000000000000000000000000000000000000000000000000001|0000000000000000000000000000000000000000000000000000000000000000000000000000000000000000000000000001|00000000000000000000000000000000000000000000000001|0000000000000000000000000000000000000000000000000000000000000000000000000000000000000000000000000001|001|01|00000000000000000001|00000000000000000000000000000000000000000000000001"
"02|00000012593530000170|00000001|01|01|0000000000000000000000000000000000000000000000000000000000000000000000000000000000000000000000000001|0000000000000000000000000000000000000000000000000000000000000000000000000000000000000000000000000001|00000000000000000000000000000000000000000000000001|0000000000000000000000000000000000000000000000000000000000000000000000000000000000000000000000000001|001|01|00000000000000000001|00000000000000000000000000000000000000000000000001"
"02|00000010876637000108|00000001|01|01|0000000000000000000000000000000000000000000000000000000000000000000000000000000000000000000000000001|0000000000000000000000000000000000000000000000000000000000000000000000000000000000000000000000000001|00000000000000000000000000000000000000000000000001|0000000000000000000000000000000000000000000000000000000000000000000000000000000000000000000000000001|001|01|00000000000000000001|00000000000000000000000000000000000000000000000001"
"02|00000032625852000160|00000001|01|01|0000000000000000000000000000000000000000000000000000000000000000000000000000000000000000000000000001|0000000000000000000000000000000000000000000000000000000000000000000000000000000000000000000000000001|00000000000000000000000000000000000000000000000001|0000000000000000000000000000000000000000000000000000000000000000000000000000000000000000000000000001|001|01|00000000000000000001|00000000000000000000000000000000000000000000000001"
"02|00000003510189000150|00000001|01|01|0000000000000000000000000000000000000000000000000000000000000000000000000000000000000000000000000001|0000000000000000000000000000000000000000000000000000000000000000000000000000000000000000000000000001|00000000000000000000000000000000000000000000000001|0000000000000000000000000000000000000000000000000000000000000000000000000000000000000000000000000001|001|01|00000000000000000001|00000000000000000000000000000000000000000000000001"
"02|00000008390500000199|00000001|01|01|0000000000000000000000000000000000000000000000000000000000000000000000000000000000000000000000000001|0000000000000000000000000000000000000000000000000000000000000000000000000000000000000000000000000001|00000000000000000000000000000000000000000000000001|0000000000000000000000000000000000000000000000000000000000000000000000000000000000000000000000000001|001|01|00000000000000000001|00000000000000000000000000000000000000000000000001"
"02|00000015360767000107|00000001|01|01|0000000000000000000000000000000000000000000000000000000000000000000000000000000000000000000000000001|0000000000000000000000000000000000000000000000000000000000000000000000000000000000000000000000000001|00000000000000000000000000000000000000000000000001|0000000000000000000000000000000000000000000000000000000000000000000000000000000000000000000000000001|001|01|00000000000000000001|00000000000000000000000000000000000000000000000001"
"02|00000014756893000104|00000001|01|01|0000000000000000000000000000000000000000000000000000000000000000000000000000000000000000000000000001|0000000000000000000000000000000000000000000000000000000000000000000000000000000000000000000000000001|00000000000000000000000000000000000000000000000001|0000000000000000000000000000000000000000000000000000000000000000000000000000000000000000000000000001|001|01|00000000000000000001|00000000000000000000000000000000000000000000000001"
"02|00000033102542000124|00000001|01|01|0000000000000000000000000000000000000000000000000000000000000000000000000000000000000000000000000001|0000000000000000000000000000000000000000000000000000000000000000000000000000000000000000000000000001|00000000000000000000000000000000000000000000000001|0000000000000000000000000000000000000000000000000000000000000000000000000000000000000000000000000001|001|01|00000000000000000001|00000000000000000000000000000000000000000000000001"
"02|00000046458868000130|00000001|01|01|0000000000000000000000000000000000000000000000000000000000000000000000000000000000000000000000000001|0000000000000000000000000000000000000000000000000000000000000000000000000000000000000000000000000001|00000000000000000000000000000000000000000000000001|0000000000000000000000000000000000000000000000000000000000000000000000000000000000000000000000000001|001|01|00000000000000000001|00000000000000000000000000000000000000000000000001"
"02|00000030454803000187|00000001|01|01|0000000000000000000000000000000000000000000000000000000000000000000000000000000000000000000000000001|0000000000000000000000000000000000000000000000000000000000000000000000000000000000000000000000000001|00000000000000000000000000000000000000000000000001|0000000000000000000000000000000000000000000000000000000000000000000000000000000000000000000000000001|001|01|00000000000000000001|00000000000000000000000000000000000000000000000001"
"02|00000022065040000154|00000001|01|01|0000000000000000000000000000000000000000000000000000000000000000000000000000000000000000000000000001|0000000000000000000000000000000000000000000000000000000000000000000000000000000000000000000000000001|00000000000000000000000000000000000000000000000001|0000000000000000000000000000000000000000000000000000000000000000000000000000000000000000000000000001|001|01|00000000000000000001|00000000000000000000000000000000000000000000000001"
"02|00000041109193000281|00000001|01|01|0000000000000000000000000000000000000000000000000000000000000000000000000000000000000000000000000001|0000000000000000000000000000000000000000000000000000000000000000000000000000000000000000000000000001|00000000000000000000000000000000000000000000000001|0000000000000000000000000000000000000000000000000000000000000000000000000000000000000000000000000001|001|01|00000000000000000001|00000000000000000000000000000000000000000000000001"
"02|00000006347956000140|00000001|01|01|0000000000000000000000000000000000000000000000000000000000000000000000000000000000000000000000000001|0000000000000000000000000000000000000000000000000000000000000000000000000000000000000000000000000001|00000000000000000000000000000000000000000000000001|0000000000000000000000000000000000000000000000000000000000000000000000000000000000000000000000000001|001|01|00000000000000000001|00000000000000000000000000000000000000000000000001"
"02|00000000482998000108|00000001|01|01|0000000000000000000000000000000000000000000000000000000000000000000000000000000000000000000000000001|0000000000000000000000000000000000000000000000000000000000000000000000000000000000000000000000000001|00000000000000000000000000000000000000000000000001|0000000000000000000000000000000000000000000000000000000000000000000000000000000000000000000000000001|001|01|00000000000000000001|00000000000000000000000000000000000000000000000001"
"02|00000009485924000108|00000001|01|01|0000000000000000000000000000000000000000000000000000000000000000000000000000000000000000000000000001|0000000000000000000000000000000000000000000000000000000000000000000000000000000000000000000000000001|00000000000000000000000000000000000000000000000001|0000000000000000000000000000000000000000000000000000000000000000000000000000000000000000000000000001|001|01|00000000000000000001|00000000000000000000000000000000000000000000000001"
"02|00000031173839000155|00000001|01|01|0000000000000000000000000000000000000000000000000000000000000000000000000000000000000000000000000001|0000000000000000000000000000000000000000000000000000000000000000000000000000000000000000000000000001|00000000000000000000000000000000000000000000000001|0000000000000000000000000000000000000000000000000000000000000000000000000000000000000000000000000001|001|01|00000000000000000001|00000000000000000000000000000000000000000000000001"
"02|00000007564359000130|00000001|01|01|0000000000000000000000000000000000000000000000000000000000000000000000000000000000000000000000000001|0000000000000000000000000000000000000000000000000000000000000000000000000000000000000000000000000001|00000000000000000000000000000000000000000000000001|0000000000000000000000000000000000000000000000000000000000000000000000000000000000000000000000000001|001|01|00000000000000000001|00000000000000000000000000000000000000000000000001"
"02|00000075315333021025|00000001|01|01|0000000000000000000000000000000000000000000000000000000000000000000000000000000000000000000000000001|0000000000000000000000000000000000000000000000000000000000000000000000000000000000000000000000000001|00000000000000000000000000000000000000000000000001|0000000000000000000000000000000000000000000000000000000000000000000000000000000000000000000000000001|001|01|00000000000000000001|00000000000000000000000000000000000000000000000001"
"02|00000030301052000169|00000001|01|01|0000000000000000000000000000000000000000000000000000000000000000000000000000000000000000000000000001|0000000000000000000000000000000000000000000000000000000000000000000000000000000000000000000000000001|00000000000000000000000000000000000000000000000001|0000000000000000000000000000000000000000000000000000000000000000000000000000000000000000000000000001|001|01|00000000000000000001|00000000000000000000000000000000000000000000000001"
"02|00000047563540000147|00000001|01|01|0000000000000000000000000000000000000000000000000000000000000000000000000000000000000000000000000001|0000000000000000000000000000000000000000000000000000000000000000000000000000000000000000000000000001|00000000000000000000000000000000000000000000000001|0000000000000000000000000000000000000000000000000000000000000000000000000000000000000000000000000001|001|01|00000000000000000001|00000000000000000000000000000000000000000000000001"
"02|00000010686262000105|00000001|01|01|0000000000000000000000000000000000000000000000000000000000000000000000000000000000000000000000000001|0000000000000000000000000000000000000000000000000000000000000000000000000000000000000000000000000001|00000000000000000000000000000000000000000000000001|0000000000000000000000000000000000000000000000000000000000000000000000000000000000000000000000000001|001|01|00000000000000000001|00000000000000000000000000000000000000000000000001"
"02|00000035772303000107|00000001|01|01|0000000000000000000000000000000000000000000000000000000000000000000000000000000000000000000000000001|0000000000000000000000000000000000000000000000000000000000000000000000000000000000000000000000000001|00000000000000000000000000000000000000000000000001|0000000000000000000000000000000000000000000000000000000000000000000000000000000000000000000000000001|001|01|00000000000000000001|00000000000000000000000000000000000000000000000001"
"02|00000006029385000104|00000001|01|01|0000000000000000000000000000000000000000000000000000000000000000000000000000000000000000000000000001|0000000000000000000000000000000000000000000000000000000000000000000000000000000000000000000000000001|00000000000000000000000000000000000000000000000001|0000000000000000000000000000000000000000000000000000000000000000000000000000000000000000000000000001|001|01|00000000000000000001|00000000000000000000000000000000000000000000000001"
"02|00000022917406000176|00000001|01|01|0000000000000000000000000000000000000000000000000000000000000000000000000000000000000000000000000001|0000000000000000000000000000000000000000000000000000000000000000000000000000000000000000000000000001|00000000000000000000000000000000000000000000000001|0000000000000000000000000000000000000000000000000000000000000000000000000000000000000000000000000001|001|01|00000000000000000001|00000000000000000000000000000000000000000000000001"
"02|00000010560372000126|00000001|01|01|0000000000000000000000000000000000000000000000000000000000000000000000000000000000000000000000000001|0000000000000000000000000000000000000000000000000000000000000000000000000000000000000000000000000001|00000000000000000000000000000000000000000000000001|0000000000000000000000000000000000000000000000000000000000000000000000000000000000000000000000000001|001|01|00000000000000000001|00000000000000000000000000000000000000000000000001"
"02|00000027379123000131|00000001|01|01|0000000000000000000000000000000000000000000000000000000000000000000000000000000000000000000000000001|0000000000000000000000000000000000000000000000000000000000000000000000000000000000000000000000000001|00000000000000000000000000000000000000000000000001|0000000000000000000000000000000000000000000000000000000000000000000000000000000000000000000000000001|001|01|00000000000000000001|00000000000000000000000000000000000000000000000001"
"02|00000040760752000175|00000001|01|01|0000000000000000000000000000000000000000000000000000000000000000000000000000000000000000000000000001|0000000000000000000000000000000000000000000000000000000000000000000000000000000000000000000000000001|00000000000000000000000000000000000000000000000001|0000000000000000000000000000000000000000000000000000000000000000000000000000000000000000000000000001|001|01|00000000000000000001|00000000000000000000000000000000000000000000000001"
"02|00000009582478000141|00000001|01|01|0000000000000000000000000000000000000000000000000000000000000000000000000000000000000000000000000001|0000000000000000000000000000000000000000000000000000000000000000000000000000000000000000000000000001|00000000000000000000000000000000000000000000000001|0000000000000000000000000000000000000000000000000000000000000000000000000000000000000000000000000001|001|01|00000000000000000001|00000000000000000000000000000000000000000000000001"
"02|00000012508777000140|00000001|01|01|0000000000000000000000000000000000000000000000000000000000000000000000000000000000000000000000000001|0000000000000000000000000000000000000000000000000000000000000000000000000000000000000000000000000001|00000000000000000000000000000000000000000000000001|0000000000000000000000000000000000000000000000000000000000000000000000000000000000000000000000000001|001|01|00000000000000000001|00000000000000000000000000000000000000000000000001"
"02|00000000089868250749|00000001|01|01|0000000000000000000000000000000000000000000000000000000000000000000000000000000000000000000000000001|0000000000000000000000000000000000000000000000000000000000000000000000000000000000000000000000000001|00000000000000000000000000000000000000000000000001|0000000000000000000000000000000000000000000000000000000000000000000000000000000000000000000000000001|001|01|00000000000000000001|00000000000000000000000000000000000000000000000001"
"02|00000037234712000185|00000001|01|01|0000000000000000000000000000000000000000000000000000000000000000000000000000000000000000000000000001|0000000000000000000000000000000000000000000000000000000000000000000000000000000000000000000000000001|00000000000000000000000000000000000000000000000001|0000000000000000000000000000000000000000000000000000000000000000000000000000000000000000000000000001|001|01|00000000000000000001|00000000000000000000000000000000000000000000000001"
"02|00000022013079000128|00000001|01|01|0000000000000000000000000000000000000000000000000000000000000000000000000000000000000000000000000001|0000000000000000000000000000000000000000000000000000000000000000000000000000000000000000000000000001|00000000000000000000000000000000000000000000000001|0000000000000000000000000000000000000000000000000000000000000000000000000000000000000000000000000001|001|01|00000000000000000001|00000000000000000000000000000000000000000000000001"
"02|00000030988604000159|00000001|01|01|0000000000000000000000000000000000000000000000000000000000000000000000000000000000000000000000000001|0000000000000000000000000000000000000000000000000000000000000000000000000000000000000000000000000001|00000000000000000000000000000000000000000000000001|0000000000000000000000000000000000000000000000000000000000000000000000000000000000000000000000000001|001|01|00000000000000000001|00000000000000000000000000000000000000000000000001"
"02|00000012935241000292|00000001|01|01|0000000000000000000000000000000000000000000000000000000000000000000000000000000000000000000000000001|0000000000000000000000000000000000000000000000000000000000000000000000000000000000000000000000000001|00000000000000000000000000000000000000000000000001|0000000000000000000000000000000000000000000000000000000000000000000000000000000000000000000000000001|001|01|00000000000000000001|00000000000000000000000000000000000000000000000001"
"02|00000001751533000178|00000001|01|01|0000000000000000000000000000000000000000000000000000000000000000000000000000000000000000000000000001|0000000000000000000000000000000000000000000000000000000000000000000000000000000000000000000000000001|00000000000000000000000000000000000000000000000001|0000000000000000000000000000000000000000000000000000000000000000000000000000000000000000000000000001|001|01|00000000000000000001|00000000000000000000000000000000000000000000000001"
"02|00000003559520000127|00000001|01|01|0000000000000000000000000000000000000000000000000000000000000000000000000000000000000000000000000001|0000000000000000000000000000000000000000000000000000000000000000000000000000000000000000000000000001|00000000000000000000000000000000000000000000000001|0000000000000000000000000000000000000000000000000000000000000000000000000000000000000000000000000001|001|01|00000000000000000001|00000000000000000000000000000000000000000000000001"
"02|00000021771023000170|00000001|01|01|0000000000000000000000000000000000000000000000000000000000000000000000000000000000000000000000000001|0000000000000000000000000000000000000000000000000000000000000000000000000000000000000000000000000001|00000000000000000000000000000000000000000000000001|0000000000000000000000000000000000000000000000000000000000000000000000000000000000000000000000000001|001|01|00000000000000000001|00000000000000000000000000000000000000000000000001"
"02|00000000323439000155|00000001|01|01|0000000000000000000000000000000000000000000000000000000000000000000000000000000000000000000000000001|0000000000000000000000000000000000000000000000000000000000000000000000000000000000000000000000000001|00000000000000000000000000000000000000000000000001|0000000000000000000000000000000000000000000000000000000000000000000000000000000000000000000000000001|001|01|00000000000000000001|00000000000000000000000000000000000000000000000001"
"02||00000001|01|01|0000000000000000000000000000000000000000000000000000000000000000000000000000000000000000000000000001|0000000000000000000000000000000000000000000000000000000000000000000000000000000000000000000000000001|00000000000000000000000000000000000000000000000001|0000000000000000000000000000000000000000000000000000000000000000000000000000000000000000000000000001|001|01|00000000000000000001|00000000000000000000000000000000000000000000000001"
"02|00000000018071155772|00000001|01|01|0000000000000000000000000000000000000000000000000000000000000000000000000000000000000000000000000001|0000000000000000000000000000000000000000000000000000000000000000000000000000000000000000000000000001|00000000000000000000000000000000000000000000000001|0000000000000000000000000000000000000000000000000000000000000000000000000000000000000000000000000001|001|01|00000000000000000001|00000000000000000000000000000000000000000000000001"
"02|00000039777776000158|00000001|01|01|0000000000000000000000000000000000000000000000000000000000000000000000000000000000000000000000000001|0000000000000000000000000000000000000000000000000000000000000000000000000000000000000000000000000001|00000000000000000000000000000000000000000000000001|0000000000000000000000000000000000000000000000000000000000000000000000000000000000000000000000000001|001|01|00000000000000000001|00000000000000000000000000000000000000000000000001"
"02|00000041936491000164|00000001|01|01|0000000000000000000000000000000000000000000000000000000000000000000000000000000000000000000000000001|0000000000000000000000000000000000000000000000000000000000000000000000000000000000000000000000000001|00000000000000000000000000000000000000000000000001|0000000000000000000000000000000000000000000000000000000000000000000000000000000000000000000000000001|001|01|00000000000000000001|00000000000000000000000000000000000000000000000001"
"02|00000007673954000104|00000001|01|01|0000000000000000000000000000000000000000000000000000000000000000000000000000000000000000000000000001|0000000000000000000000000000000000000000000000000000000000000000000000000000000000000000000000000001|00000000000000000000000000000000000000000000000001|0000000000000000000000000000000000000000000000000000000000000000000000000000000000000000000000000001|001|01|00000000000000000001|00000000000000000000000000000000000000000000000001"
"02|00000002917249000191|00000001|01|01|0000000000000000000000000000000000000000000000000000000000000000000000000000000000000000000000000001|0000000000000000000000000000000000000000000000000000000000000000000000000000000000000000000000000001|00000000000000000000000000000000000000000000000001|0000000000000000000000000000000000000000000000000000000000000000000000000000000000000000000000000001|001|01|00000000000000000001|00000000000000000000000000000000000000000000000001"
"02|00000023073446000141|00000001|01|01|0000000000000000000000000000000000000000000000000000000000000000000000000000000000000000000000000001|0000000000000000000000000000000000000000000000000000000000000000000000000000000000000000000000000001|00000000000000000000000000000000000000000000000001|0000000000000000000000000000000000000000000000000000000000000000000000000000000000000000000000000001|001|01|00000000000000000001|00000000000000000000000000000000000000000000000001"
"02|00000000001631033727|00000001|01|01|0000000000000000000000000000000000000000000000000000000000000000000000000000000000000000000000000001|0000000000000000000000000000000000000000000000000000000000000000000000000000000000000000000000000001|00000000000000000000000000000000000000000000000001|0000000000000000000000000000000000000000000000000000000000000000000000000000000000000000000000000001|001|01|00000000000000000001|00000000000000000000000000000000000000000000000001"
"02|00000005622093000100|00000001|01|01|0000000000000000000000000000000000000000000000000000000000000000000000000000000000000000000000000001|0000000000000000000000000000000000000000000000000000000000000000000000000000000000000000000000000001|00000000000000000000000000000000000000000000000001|0000000000000000000000000000000000000000000000000000000000000000000000000000000000000000000000000001|001|01|00000000000000000001|00000000000000000000000000000000000000000000000001"
"02|00000024531462000101|00000001|01|01|0000000000000000000000000000000000000000000000000000000000000000000000000000000000000000000000000001|0000000000000000000000000000000000000000000000000000000000000000000000000000000000000000000000000001|00000000000000000000000000000000000000000000000001|0000000000000000000000000000000000000000000000000000000000000000000000000000000000000000000000000001|001|01|00000000000000000001|00000000000000000000000000000000000000000000000001"
"02|00000013369407000132|00000001|01|01|0000000000000000000000000000000000000000000000000000000000000000000000000000000000000000000000000001|0000000000000000000000000000000000000000000000000000000000000000000000000000000000000000000000000001|00000000000000000000000000000000000000000000000001|0000000000000000000000000000000000000000000000000000000000000000000000000000000000000000000000000001|001|01|00000000000000000001|00000000000000000000000000000000000000000000000001"
"02|00000041040599000174|00000001|01|01|0000000000000000000000000000000000000000000000000000000000000000000000000000000000000000000000000001|0000000000000000000000000000000000000000000000000000000000000000000000000000000000000000000000000001|00000000000000000000000000000000000000000000000001|0000000000000000000000000000000000000000000000000000000000000000000000000000000000000000000000000001|001|01|00000000000000000001|00000000000000000000000000000000000000000000000001"
"02|00000034748943000119|00000001|01|01|0000000000000000000000000000000000000000000000000000000000000000000000000000000000000000000000000001|0000000000000000000000000000000000000000000000000000000000000000000000000000000000000000000000000001|00000000000000000000000000000000000000000000000001|0000000000000000000000000000000000000000000000000000000000000000000000000000000000000000000000000001|001|01|00000000000000000001|00000000000000000000000000000000000000000000000001"
"02|00000014213907000143|00000001|01|01|0000000000000000000000000000000000000000000000000000000000000000000000000000000000000000000000000001|0000000000000000000000000000000000000000000000000000000000000000000000000000000000000000000000000001|00000000000000000000000000000000000000000000000001|0000000000000000000000000000000000000000000000000000000000000000000000000000000000000000000000000001|001|01|00000000000000000001|00000000000000000000000000000000000000000000000001"
"02|00000005120086000100|00000001|01|01|0000000000000000000000000000000000000000000000000000000000000000000000000000000000000000000000000001|0000000000000000000000000000000000000000000000000000000000000000000000000000000000000000000000000001|00000000000000000000000000000000000000000000000001|0000000000000000000000000000000000000000000000000000000000000000000000000000000000000000000000000001|001|01|00000000000000000001|00000000000000000000000000000000000000000000000001"
"02|00000000028299230497|00000001|01|01|0000000000000000000000000000000000000000000000000000000000000000000000000000000000000000000000000001|0000000000000000000000000000000000000000000000000000000000000000000000000000000000000000000000000001|00000000000000000000000000000000000000000000000001|0000000000000000000000000000000000000000000000000000000000000000000000000000000000000000000000000001|001|01|00000000000000000001|00000000000000000000000000000000000000000000000001"
