01|RELCLI|050||202303220149|20230322|20230322|22013079000128|07216054000138
02|00000047046109000123|00000001|01|01|0000000000000000000000000000000000000000000000000000000000000000000000000000000000000000000000000001|0000000000000000000000000000000000000000000000000000000000000000000000000000000000000000000000000001|00000000000000000000000000000000000000000000000001|0000000000000000000000000000000000000000000000000000000000000000000000000000000000000000000000000001|001|01|00000000000000000001|00000000000000000000000000000000000000000000000001
02|00000032363459000146|00000001|01|01|0000000000000000000000000000000000000000000000000000000000000000000000000000000000000000000000000001|0000000000000000000000000000000000000000000000000000000000000000000000000000000000000000000000000001|00000000000000000000000000000000000000000000000001|0000000000000000000000000000000000000000000000000000000000000000000000000000000000000000000000000001|001|01|00000000000000000001|00000000000000000000000000000000000000000000000001
02|00000016731862000124|00000001|01|01|0000000000000000000000000000000000000000000000000000000000000000000000000000000000000000000000000001|0000000000000000000000000000000000000000000000000000000000000000000000000000000000000000000000000001|00000000000000000000000000000000000000000000000001|0000000000000000000000000000000000000000000000000000000000000000000000000000000000000000000000000001|001|01|00000000000000000001|00000000000000000000000000000000000000000000000001
02|00000029089460000110|00000001|01|01|0000000000000000000000000000000000000000000000000000000000000000000000000000000000000000000000000001|0000000000000000000000000000000000000000000000000000000000000000000000000000000000000000000000000001|00000000000000000000000000000000000000000000000001|0000000000000000000000000000000000000000000000000000000000000000000000000000000000000000000000000001|001|01|00000000000000000001|00000000000000000000000000000000000000000000000001
02|00000022268347000152|00000001|01|01|0000000000000000000000000000000000000000000000000000000000000000000000000000000000000000000000000001|0000000000000000000000000000000000000000000000000000000000000000000000000000000000000000000000000001|00000000000000000000000000000000000000000000000001|0000000000000000000000000000000000000000000000000000000000000000000000000000000000000000000000000001|001|01|00000000000000000001|00000000000000000000000000000000000000000000000001
02|00000009637385000339|00000001|01|01|0000000000000000000000000000000000000000000000000000000000000000000000000000000000000000000000000001|0000000000000000000000000000000000000000000000000000000000000000000000000000000000000000000000000001|00000000000000000000000000000000000000000000000001|0000000000000000000000000000000000000000000000000000000000000000000000000000000000000000000000000001|001|01|00000000000000000001|00000000000000000000000000000000000000000000000001
02|00000007747087000104|00000001|01|01|0000000000000000000000000000000000000000000000000000000000000000000000000000000000000000000000000001|0000000000000000000000000000000000000000000000000000000000000000000000000000000000000000000000000001|00000000000000000000000000000000000000000000000001|0000000000000000000000000000000000000000000000000000000000000000000000000000000000000000000000000001|001|01|00000000000000000001|00000000000000000000000000000000000000000000000001
02|00000020397310000107|00000001|01|01|0000000000000000000000000000000000000000000000000000000000000000000000000000000000000000000000000001|0000000000000000000000000000000000000000000000000000000000000000000000000000000000000000000000000001|00000000000000000000000000000000000000000000000001|0000000000000000000000000000000000000000000000000000000000000000000000000000000000000000000000000001|001|01|00000000000000000001|00000000000000000000000000000000000000000000000001
02|00000019195176000174|00000001|01|01|0000000000000000000000000000000000000000000000000000000000000000000000000000000000000000000000000001|0000000000000000000000000000000000000000000000000000000000000000000000000000000000000000000000000001|00000000000000000000000000000000000000000000000001|0000000000000000000000000000000000000000000000000000000000000000000000000000000000000000000000000001|001|01|00000000000000000001|00000000000000000000000000000000000000000000000001
02|00000012363684000175|00000001|01|01|0000000000000000000000000000000000000000000000000000000000000000000000000000000000000000000000000001|0000000000000000000000000000000000000000000000000000000000000000000000000000000000000000000000000001|00000000000000000000000000000000000000000000000001|0000000000000000000000000000000000000000000000000000000000000000000000000000000000000000000000000001|001|01|00000000000000000001|00000000000000000000000000000000000000000000000001
02|00000020443377000122|00000001|01|01|0000000000000000000000000000000000000000000000000000000000000000000000000000000000000000000000000001|0000000000000000000000000000000000000000000000000000000000000000000000000000000000000000000000000001|00000000000000000000000000000000000000000000000001|0000000000000000000000000000000000000000000000000000000000000000000000000000000000000000000000000001|001|01|00000000000000000001|00000000000000000000000000000000000000000000000001
02|00000005088627000160|00000001|01|01|0000000000000000000000000000000000000000000000000000000000000000000000000000000000000000000000000001|0000000000000000000000000000000000000000000000000000000000000000000000000000000000000000000000000001|00000000000000000000000000000000000000000000000001|0000000000000000000000000000000000000000000000000000000000000000000000000000000000000000000000000001|001|01|00000000000000000001|00000000000000000000000000000000000000000000000001
02|00000018526132000117|00000001|01|01|0000000000000000000000000000000000000000000000000000000000000000000000000000000000000000000000000001|0000000000000000000000000000000000000000000000000000000000000000000000000000000000000000000000000001|00000000000000000000000000000000000000000000000001|0000000000000000000000000000000000000000000000000000000000000000000000000000000000000000000000000001|001|01|00000000000000000001|00000000000000000000000000000000000000000000000001
02|00000033472200000104|00000001|01|01|0000000000000000000000000000000000000000000000000000000000000000000000000000000000000000000000000001|0000000000000000000000000000000000000000000000000000000000000000000000000000000000000000000000000001|00000000000000000000000000000000000000000000000001|0000000000000000000000000000000000000000000000000000000000000000000000000000000000000000000000000001|001|01|00000000000000000001|00000000000000000000000000000000000000000000000001
02|00000036519400000155|00000001|01|01|0000000000000000000000000000000000000000000000000000000000000000000000000000000000000000000000000001|0000000000000000000000000000000000000000000000000000000000000000000000000000000000000000000000000001|00000000000000000000000000000000000000000000000001|0000000000000000000000000000000000000000000000000000000000000000000000000000000000000000000000000001|001|01|00000000000000000001|00000000000000000000000000000000000000000000000001
02|00000037750941000152|00000001|01|01|0000000000000000000000000000000000000000000000000000000000000000000000000000000000000000000000000001|0000000000000000000000000000000000000000000000000000000000000000000000000000000000000000000000000001|00000000000000000000000000000000000000000000000001|0000000000000000000000000000000000000000000000000000000000000000000000000000000000000000000000000001|001|01|00000000000000000001|00000000000000000000000000000000000000000000000001
02|00000008228656000178|00000001|01|01|0000000000000000000000000000000000000000000000000000000000000000000000000000000000000000000000000001|0000000000000000000000000000000000000000000000000000000000000000000000000000000000000000000000000001|00000000000000000000000000000000000000000000000001|0000000000000000000000000000000000000000000000000000000000000000000000000000000000000000000000000001|001|01|00000000000000000001|00000000000000000000000000000000000000000000000001
02|00000013561135000178|00000001|01|01|0000000000000000000000000000000000000000000000000000000000000000000000000000000000000000000000000001|0000000000000000000000000000000000000000000000000000000000000000000000000000000000000000000000000001|00000000000000000000000000000000000000000000000001|0000000000000000000000000000000000000000000000000000000000000000000000000000000000000000000000000001|001|01|00000000000000000001|00000000000000000000000000000000000000000000000001
02|00000035782101000146|00000001|01|01|0000000000000000000000000000000000000000000000000000000000000000000000000000000000000000000000000001|0000000000000000000000000000000000000000000000000000000000000000000000000000000000000000000000000001|00000000000000000000000000000000000000000000000001|0000000000000000000000000000000000000000000000000000000000000000000000000000000000000000000000000001|001|01|00000000000000000001|00000000000000000000000000000000000000000000000001
02|00000042828791000192|00000001|01|01|0000000000000000000000000000000000000000000000000000000000000000000000000000000000000000000000000001|0000000000000000000000000000000000000000000000000000000000000000000000000000000000000000000000000001|00000000000000000000000000000000000000000000000001|0000000000000000000000000000000000000000000000000000000000000000000000000000000000000000000000000001|001|01|00000000000000000001|00000000000000000000000000000000000000000000000001
02|00000015360767000280|00000001|01|01|0000000000000000000000000000000000000000000000000000000000000000000000000000000000000000000000000001|0000000000000000000000000000000000000000000000000000000000000000000000000000000000000000000000000001|00000000000000000000000000000000000000000000000001|0000000000000000000000000000000000000000000000000000000000000000000000000000000000000000000000000001|001|01|00000000000000000001|00000000000000000000000000000000000000000000000001
02|00000018675133000123|00000001|01|01|0000000000000000000000000000000000000000000000000000000000000000000000000000000000000000000000000001|0000000000000000000000000000000000000000000000000000000000000000000000000000000000000000000000000001|00000000000000000000000000000000000000000000000001|0000000000000000000000000000000000000000000000000000000000000000000000000000000000000000000000000001|001|01|00000000000000000001|00000000000000000000000000000000000000000000000001
02|00000006128063000104|00000001|01|01|0000000000000000000000000000000000000000000000000000000000000000000000000000000000000000000000000001|0000000000000000000000000000000000000000000000000000000000000000000000000000000000000000000000000001|00000000000000000000000000000000000000000000000001|0000000000000000000000000000000000000000000000000000000000000000000000000000000000000000000000000001|001|01|00000000000000000001|00000000000000000000000000000000000000000000000001
02|00000044472907000129|00000001|01|01|0000000000000000000000000000000000000000000000000000000000000000000000000000000000000000000000000001|0000000000000000000000000000000000000000000000000000000000000000000000000000000000000000000000000001|00000000000000000000000000000000000000000000000001|0000000000000000000000000000000000000000000000000000000000000000000000000000000000000000000000000001|001|01|00000000000000000001|00000000000000000000000000000000000000000000000001
02|00000010309479000104|00000001|01|01|0000000000000000000000000000000000000000000000000000000000000000000000000000000000000000000000000001|0000000000000000000000000000000000000000000000000000000000000000000000000000000000000000000000000001|00000000000000000000000000000000000000000000000001|0000000000000000000000000000000000000000000000000000000000000000000000000000000000000000000000000001|001|01|00000000000000000001|00000000000000000000000000000000000000000000000001
02|00000016907409000126|00000001|01|01|0000000000000000000000000000000000000000000000000000000000000000000000000000000000000000000000000001|0000000000000000000000000000000000000000000000000000000000000000000000000000000000000000000000000001|00000000000000000000000000000000000000000000000001|0000000000000000000000000000000000000000000000000000000000000000000000000000000000000000000000000001|001|01|00000000000000000001|00000000000000000000000000000000000000000000000001
02|00000023664449000150|00000001|01|01|0000000000000000000000000000000000000000000000000000000000000000000000000000000000000000000000000001|0000000000000000000000000000000000000000000000000000000000000000000000000000000000000000000000000001|00000000000000000000000000000000000000000000000001|0000000000000000000000000000000000000000000000000000000000000000000000000000000000000000000000000001|001|01|00000000000000000001|00000000000000000000000000000000000000000000000001
02|00000004336025000111|00000001|01|01|0000000000000000000000000000000000000000000000000000000000000000000000000000000000000000000000000001|0000000000000000000000000000000000000000000000000000000000000000000000000000000000000000000000000001|00000000000000000000000000000000000000000000000001|0000000000000000000000000000000000000000000000000000000000000000000000000000000000000000000000000001|001|01|00000000000000000001|00000000000000000000000000000000000000000000000001
02|00000022231053000156|00000001|01|01|0000000000000000000000000000000000000000000000000000000000000000000000000000000000000000000000000001|0000000000000000000000000000000000000000000000000000000000000000000000000000000000000000000000000001|00000000000000000000000000000000000000000000000001|0000000000000000000000000000000000000000000000000000000000000000000000000000000000000000000000000001|001|01|00000000000000000001|00000000000000000000000000000000000000000000000001
02|00000018283401000161|00000001|01|01|0000000000000000000000000000000000000000000000000000000000000000000000000000000000000000000000000001|0000000000000000000000000000000000000000000000000000000000000000000000000000000000000000000000000001|00000000000000000000000000000000000000000000000001|0000000000000000000000000000000000000000000000000000000000000000000000000000000000000000000000000001|001|01|00000000000000000001|00000000000000000000000000000000000000000000000001
02|00000039251981000185|00000001|01|01|0000000000000000000000000000000000000000000000000000000000000000000000000000000000000000000000000001|0000000000000000000000000000000000000000000000000000000000000000000000000000000000000000000000000001|00000000000000000000000000000000000000000000000001|0000000000000000000000000000000000000000000000000000000000000000000000000000000000000000000000000001|001|01|00000000000000000001|00000000000000000000000000000000000000000000000001
02|00000029330086000100|00000001|01|01|0000000000000000000000000000000000000000000000000000000000000000000000000000000000000000000000000001|0000000000000000000000000000000000000000000000000000000000000000000000000000000000000000000000000001|00000000000000000000000000000000000000000000000001|0000000000000000000000000000000000000000000000000000000000000000000000000000000000000000000000000001|001|01|00000000000000000001|00000000000000000000000000000000000000000000000001
02|00000000011111111111|00000001|01|01|0000000000000000000000000000000000000000000000000000000000000000000000000000000000000000000000000001|0000000000000000000000000000000000000000000000000000000000000000000000000000000000000000000000000001|00000000000000000000000000000000000000000000000001|0000000000000000000000000000000000000000000000000000000000000000000000000000000000000000000000000001|001|01|00000000000000000001|00000000000000000000000000000000000000000000000001
02|00000037806512000150|00000001|01|01|0000000000000000000000000000000000000000000000000000000000000000000000000000000000000000000000000001|0000000000000000000000000000000000000000000000000000000000000000000000000000000000000000000000000001|00000000000000000000000000000000000000000000000001|0000000000000000000000000000000000000000000000000000000000000000000000000000000000000000000000000001|001|01|00000000000000000001|00000000000000000000000000000000000000000000000001
02|00000007095945000183|00000001|01|01|0000000000000000000000000000000000000000000000000000000000000000000000000000000000000000000000000001|0000000000000000000000000000000000000000000000000000000000000000000000000000000000000000000000000001|00000000000000000000000000000000000000000000000001|0000000000000000000000000000000000000000000000000000000000000000000000000000000000000000000000000001|001|01|00000000000000000001|00000000000000000000000000000000000000000000000001
02|00000005622046000166|00000001|01|01|0000000000000000000000000000000000000000000000000000000000000000000000000000000000000000000000000001|0000000000000000000000000000000000000000000000000000000000000000000000000000000000000000000000000001|00000000000000000000000000000000000000000000000001|0000000000000000000000000000000000000000000000000000000000000000000000000000000000000000000000000001|001|01|00000000000000000001|00000000000000000000000000000000000000000000000001
02|00000013407664000111|00000001|01|01|0000000000000000000000000000000000000000000000000000000000000000000000000000000000000000000000000001|0000000000000000000000000000000000000000000000000000000000000000000000000000000000000000000000000001|00000000000000000000000000000000000000000000000001|0000000000000000000000000000000000000000000000000000000000000000000000000000000000000000000000000001|001|01|00000000000000000001|00000000000000000000000000000000000000000000000001
02|00000005844748000194|00000001|01|01|0000000000000000000000000000000000000000000000000000000000000000000000000000000000000000000000000001|0000000000000000000000000000000000000000000000000000000000000000000000000000000000000000000000000001|00000000000000000000000000000000000000000000000001|0000000000000000000000000000000000000000000000000000000000000000000000000000000000000000000000000001|001|01|00000000000000000001|00000000000000000000000000000000000000000000000001
02|00000000028503597772|00000001|01|01|0000000000000000000000000000000000000000000000000000000000000000000000000000000000000000000000000001|0000000000000000000000000000000000000000000000000000000000000000000000000000000000000000000000000001|00000000000000000000000000000000000000000000000001|0000000000000000000000000000000000000000000000000000000000000000000000000000000000000000000000000001|001|01|00000000000000000001|00000000000000000000000000000000000000000000000001
02|00000039303070000154|00000001|01|01|0000000000000000000000000000000000000000000000000000000000000000000000000000000000000000000000000001|0000000000000000000000000000000000000000000000000000000000000000000000000000000000000000000000000001|00000000000000000000000000000000000000000000000001|0000000000000000000000000000000000000000000000000000000000000000000000000000000000000000000000000001|001|01|00000000000000000001|00000000000000000000000000000000000000000000000001
02|00000018044251000133|00000001|01|01|0000000000000000000000000000000000000000000000000000000000000000000000000000000000000000000000000001|0000000000000000000000000000000000000000000000000000000000000000000000000000000000000000000000000001|00000000000000000000000000000000000000000000000001|0000000000000000000000000000000000000000000000000000000000000000000000000000000000000000000000000001|001|01|00000000000000000001|00000000000000000000000000000000000000000000000001
02|00000040216947000159|00000001|01|01|0000000000000000000000000000000000000000000000000000000000000000000000000000000000000000000000000001|0000000000000000000000000000000000000000000000000000000000000000000000000000000000000000000000000001|00000000000000000000000000000000000000000000000001|0000000000000000000000000000000000000000000000000000000000000000000000000000000000000000000000000001|001|01|00000000000000000001|00000000000000000000000000000000000000000000000001
02|00000026682970000108|00000001|01|01|0000000000000000000000000000000000000000000000000000000000000000000000000000000000000000000000000001|0000000000000000000000000000000000000000000000000000000000000000000000000000000000000000000000000001|00000000000000000000000000000000000000000000000001|0000000000000000000000000000000000000000000000000000000000000000000000000000000000000000000000000001|001|01|00000000000000000001|00000000000000000000000000000000000000000000000001
02|00000000003655123701|00000001|01|01|0000000000000000000000000000000000000000000000000000000000000000000000000000000000000000000000000001|0000000000000000000000000000000000000000000000000000000000000000000000000000000000000000000000000001|00000000000000000000000000000000000000000000000001|0000000000000000000000000000000000000000000000000000000000000000000000000000000000000000000000000001|001|01|00000000000000000001|00000000000000000000000000000000000000000000000001
02|00000009065524000135|00000001|01|01|0000000000000000000000000000000000000000000000000000000000000000000000000000000000000000000000000001|0000000000000000000000000000000000000000000000000000000000000000000000000000000000000000000000000001|00000000000000000000000000000000000000000000000001|0000000000000000000000000000000000000000000000000000000000000000000000000000000000000000000000000001|001|01|00000000000000000001|00000000000000000000000000000000000000000000000001
02|00000002751591000164|00000001|01|01|0000000000000000000000000000000000000000000000000000000000000000000000000000000000000000000000000001|0000000000000000000000000000000000000000000000000000000000000000000000000000000000000000000000000001|00000000000000000000000000000000000000000000000001|0000000000000000000000000000000000000000000000000000000000000000000000000000000000000000000000000001|001|01|00000000000000000001|00000000000000000000000000000000000000000000000001
02|00000012388737000102|00000001|01|01|0000000000000000000000000000000000000000000000000000000000000000000000000000000000000000000000000001|0000000000000000000000000000000000000000000000000000000000000000000000000000000000000000000000000001|00000000000000000000000000000000000000000000000001|0000000000000000000000000000000000000000000000000000000000000000000000000000000000000000000000000001|001|01|00000000000000000001|00000000000000000000000000000000000000000000000001
02|00000000014067996705|00000001|01|01|0000000000000000000000000000000000000000000000000000000000000000000000000000000000000000000000000001|0000000000000000000000000000000000000000000000000000000000000000000000000000000000000000000000000001|00000000000000000000000000000000000000000000000001|0000000000000000000000000000000000000000000000000000000000000000000000000000000000000000000000000001|001|01|00000000000000000001|00000000000000000000000000000000000000000000000001
02|00000010403850000194|00000001|01|01|0000000000000000000000000000000000000000000000000000000000000000000000000000000000000000000000000001|0000000000000000000000000000000000000000000000000000000000000000000000000000000000000000000000000001|00000000000000000000000000000000000000000000000001|0000000000000000000000000000000000000000000000000000000000000000000000000000000000000000000000000001|001|01|00000000000000000001|00000000000000000000000000000000000000000000000001
02|00000027843077000180|00000001|01|01|0000000000000000000000000000000000000000000000000000000000000000000000000000000000000000000000000001|0000000000000000000000000000000000000000000000000000000000000000000000000000000000000000000000000001|00000000000000000000000000000000000000000000000001|0000000000000000000000000000000000000000000000000000000000000000000000000000000000000000000000000001|001|01|00000000000000000001|00000000000000000000000000000000000000000000000001
02|00000015360767000360|00000001|01|01|0000000000000000000000000000000000000000000000000000000000000000000000000000000000000000000000000001|0000000000000000000000000000000000000000000000000000000000000000000000000000000000000000000000000001|00000000000000000000000000000000000000000000000001|0000000000000000000000000000000000000000000000000000000000000000000000000000000000000000000000000001|001|01|00000000000000000001|00000000000000000000000000000000000000000000000001
02|00000015360767000107|00000001|01|01|0000000000000000000000000000000000000000000000000000000000000000000000000000000000000000000000000001|0000000000000000000000000000000000000000000000000000000000000000000000000000000000000000000000000001|00000000000000000000000000000000000000000000000001|0000000000000000000000000000000000000000000000000000000000000000000000000000000000000000000000000001|001|01|00000000000000000001|00000000000000000000000000000000000000000000000001
02|00000001329282000138|00000001|01|01|0000000000000000000000000000000000000000000000000000000000000000000000000000000000000000000000000001|0000000000000000000000000000000000000000000000000000000000000000000000000000000000000000000000000001|00000000000000000000000000000000000000000000000001|0000000000000000000000000000000000000000000000000000000000000000000000000000000000000000000000000001|001|01|00000000000000000001|00000000000000000000000000000000000000000000000001
02|00000026661775000100|00000001|01|01|0000000000000000000000000000000000000000000000000000000000000000000000000000000000000000000000000001|0000000000000000000000000000000000000000000000000000000000000000000000000000000000000000000000000001|00000000000000000000000000000000000000000000000001|0000000000000000000000000000000000000000000000000000000000000000000000000000000000000000000000000001|001|01|00000000000000000001|00000000000000000000000000000000000000000000000001
02|00000032919936000107|00000001|01|01|0000000000000000000000000000000000000000000000000000000000000000000000000000000000000000000000000001|0000000000000000000000000000000000000000000000000000000000000000000000000000000000000000000000000001|00000000000000000000000000000000000000000000000001|0000000000000000000000000000000000000000000000000000000000000000000000000000000000000000000000000001|001|01|00000000000000000001|00000000000000000000000000000000000000000000000001
02|00000032002174000180|00000001|01|01|0000000000000000000000000000000000000000000000000000000000000000000000000000000000000000000000000001|0000000000000000000000000000000000000000000000000000000000000000000000000000000000000000000000000001|00000000000000000000000000000000000000000000000001|0000000000000000000000000000000000000000000000000000000000000000000000000000000000000000000000000001|001|01|00000000000000000001|00000000000000000000000000000000000000000000000001
02|00000012593530000170|00000001|01|01|0000000000000000000000000000000000000000000000000000000000000000000000000000000000000000000000000001|0000000000000000000000000000000000000000000000000000000000000000000000000000000000000000000000000001|00000000000000000000000000000000000000000000000001|0000000000000000000000000000000000000000000000000000000000000000000000000000000000000000000000000001|001|01|00000000000000000001|00000000000000000000000000000000000000000000000001
02|00000010876637000108|00000001|01|01|0000000000000000000000000000000000000000000000000000000000000000000000000000000000000000000000000001|0000000000000000000000000000000000000000000000000000000000000000000000000000000000000000000000000001|00000000000000000000000000000000000000000000000001|0000000000000000000000000000000000000000000000000000000000000000000000000000000000000000000000000001|001|01|00000000000000000001|00000000000000000000000000000000000000000000000001
02|00000000077115376700|00000001|01|01|0000000000000000000000000000000000000000000000000000000000000000000000000000000000000000000000000001|0000000000000000000000000000000000000000000000000000000000000000000000000000000000000000000000000001|00000000000000000000000000000000000000000000000001|0000000000000000000000000000000000000000000000000000000000000000000000000000000000000000000000000001|001|01|00000000000000000001|00000000000000000000000000000000000000000000000001
02|00000000007552865709|00000001|01|01|0000000000000000000000000000000000000000000000000000000000000000000000000000000000000000000000000001|0000000000000000000000000000000000000000000000000000000000000000000000000000000000000000000000000001|00000000000000000000000000000000000000000000000001|0000000000000000000000000000000000000000000000000000000000000000000000000000000000000000000000000001|001|01|00000000000000000001|00000000000000000000000000000000000000000000000001
02|00000023765350000144|00000001|01|01|0000000000000000000000000000000000000000000000000000000000000000000000000000000000000000000000000001|0000000000000000000000000000000000000000000000000000000000000000000000000000000000000000000000000001|00000000000000000000000000000000000000000000000001|0000000000000000000000000000000000000000000000000000000000000000000000000000000000000000000000000001|001|01|00000000000000000001|00000000000000000000000000000000000000000000000001
02|00000042145964000178|00000001|01|01|0000000000000000000000000000000000000000000000000000000000000000000000000000000000000000000000000001|0000000000000000000000000000000000000000000000000000000000000000000000000000000000000000000000000001|00000000000000000000000000000000000000000000000001|0000000000000000000000000000000000000000000000000000000000000000000000000000000000000000000000000001|001|01|00000000000000000001|00000000000000000000000000000000000000000000000001
02|00000040879619000132|00000001|01|01|0000000000000000000000000000000000000000000000000000000000000000000000000000000000000000000000000001|0000000000000000000000000000000000000000000000000000000000000000000000000000000000000000000000000001|00000000000000000000000000000000000000000000000001|0000000000000000000000000000000000000000000000000000000000000000000000000000000000000000000000000001|001|01|00000000000000000001|00000000000000000000000000000000000000000000000001
02|00000028863681000130|00000001|01|01|0000000000000000000000000000000000000000000000000000000000000000000000000000000000000000000000000001|0000000000000000000000000000000000000000000000000000000000000000000000000000000000000000000000000001|00000000000000000000000000000000000000000000000001|0000000000000000000000000000000000000000000000000000000000000000000000000000000000000000000000000001|001|01|00000000000000000001|00000000000000000000000000000000000000000000000001
02|00000042140988000134|00000001|01|01|0000000000000000000000000000000000000000000000000000000000000000000000000000000000000000000000000001|0000000000000000000000000000000000000000000000000000000000000000000000000000000000000000000000000001|00000000000000000000000000000000000000000000000001|0000000000000000000000000000000000000000000000000000000000000000000000000000000000000000000000000001|001|01|00000000000000000001|00000000000000000000000000000000000000000000000001
02|00000008091717000106|00000001|01|01|0000000000000000000000000000000000000000000000000000000000000000000000000000000000000000000000000001|0000000000000000000000000000000000000000000000000000000000000000000000000000000000000000000000000001|00000000000000000000000000000000000000000000000001|0000000000000000000000000000000000000000000000000000000000000000000000000000000000000000000000000001|001|01|00000000000000000001|00000000000000000000000000000000000000000000000001
02|00000021349855000100|00000001|01|01|0000000000000000000000000000000000000000000000000000000000000000000000000000000000000000000000000001|0000000000000000000000000000000000000000000000000000000000000000000000000000000000000000000000000001|00000000000000000000000000000000000000000000000001|0000000000000000000000000000000000000000000000000000000000000000000000000000000000000000000000000001|001|01|00000000000000000001|00000000000000000000000000000000000000000000000001
02|00000004976773000169|00000001|01|01|0000000000000000000000000000000000000000000000000000000000000000000000000000000000000000000000000001|0000000000000000000000000000000000000000000000000000000000000000000000000000000000000000000000000001|00000000000000000000000000000000000000000000000001|0000000000000000000000000000000000000000000000000000000000000000000000000000000000000000000000000001|001|01|00000000000000000001|00000000000000000000000000000000000000000000000001
02|00000041109193000281|00000001|01|01|0000000000000000000000000000000000000000000000000000000000000000000000000000000000000000000000000001|0000000000000000000000000000000000000000000000000000000000000000000000000000000000000000000000000001|00000000000000000000000000000000000000000000000001|0000000000000000000000000000000000000000000000000000000000000000000000000000000000000000000000000001|001|01|00000000000000000001|00000000000000000000000000000000000000000000000001
02|00000033102542000124|00000001|01|01|0000000000000000000000000000000000000000000000000000000000000000000000000000000000000000000000000001|0000000000000000000000000000000000000000000000000000000000000000000000000000000000000000000000000001|00000000000000000000000000000000000000000000000001|0000000000000000000000000000000000000000000000000000000000000000000000000000000000000000000000000001|001|01|00000000000000000001|00000000000000000000000000000000000000000000000001
02|00000016539754000316|00000001|01|01|0000000000000000000000000000000000000000000000000000000000000000000000000000000000000000000000000001|0000000000000000000000000000000000000000000000000000000000000000000000000000000000000000000000000001|00000000000000000000000000000000000000000000000001|0000000000000000000000000000000000000000000000000000000000000000000000000000000000000000000000000001|001|01|00000000000000000001|00000000000000000000000000000000000000000000000001
02|00000028269561000100|00000001|01|01|0000000000000000000000000000000000000000000000000000000000000000000000000000000000000000000000000001|0000000000000000000000000000000000000000000000000000000000000000000000000000000000000000000000000001|00000000000000000000000000000000000000000000000001|0000000000000000000000000000000000000000000000000000000000000000000000000000000000000000000000000001|001|01|00000000000000000001|00000000000000000000000000000000000000000000000001
02|00000022065040000154|00000001|01|01|0000000000000000000000000000000000000000000000000000000000000000000000000000000000000000000000000001|0000000000000000000000000000000000000000000000000000000000000000000000000000000000000000000000000001|00000000000000000000000000000000000000000000000001|0000000000000000000000000000000000000000000000000000000000000000000000000000000000000000000000000001|001|01|00000000000000000001|00000000000000000000000000000000000000000000000001
02|00000000482998000108|00000001|01|01|0000000000000000000000000000000000000000000000000000000000000000000000000000000000000000000000000001|0000000000000000000000000000000000000000000000000000000000000000000000000000000000000000000000000001|00000000000000000000000000000000000000000000000001|0000000000000000000000000000000000000000000000000000000000000000000000000000000000000000000000000001|001|01|00000000000000000001|00000000000000000000000000000000000000000000000001
02|00000006347956000140|00000001|01|01|0000000000000000000000000000000000000000000000000000000000000000000000000000000000000000000000000001|0000000000000000000000000000000000000000000000000000000000000000000000000000000000000000000000000001|00000000000000000000000000000000000000000000000001|0000000000000000000000000000000000000000000000000000000000000000000000000000000000000000000000000001|001|01|00000000000000000001|00000000000000000000000000000000000000000000000001
02|00000046458868000130|00000001|01|01|0000000000000000000000000000000000000000000000000000000000000000000000000000000000000000000000000001|0000000000000000000000000000000000000000000000000000000000000000000000000000000000000000000000000001|00000000000000000000000000000000000000000000000001|0000000000000000000000000000000000000000000000000000000000000000000000000000000000000000000000000001|001|01|00000000000000000001|00000000000000000000000000000000000000000000000001
02|00000029340323000106|00000001|01|01|0000000000000000000000000000000000000000000000000000000000000000000000000000000000000000000000000001|0000000000000000000000000000000000000000000000000000000000000000000000000000000000000000000000000001|00000000000000000000000000000000000000000000000001|0000000000000000000000000000000000000000000000000000000000000000000000000000000000000000000000000001|001|01|00000000000000000001|00000000000000000000000000000000000000000000000001
02|00000020973493000153|00000001|01|01|0000000000000000000000000000000000000000000000000000000000000000000000000000000000000000000000000001|0000000000000000000000000000000000000000000000000000000000000000000000000000000000000000000000000001|00000000000000000000000000000000000000000000000001|0000000000000000000000000000000000000000000000000000000000000000000000000000000000000000000000000001|001|01|00000000000000000001|00000000000000000000000000000000000000000000000001
02|00000031173839000155|00000001|01|01|0000000000000000000000000000000000000000000000000000000000000000000000000000000000000000000000000001|0000000000000000000000000000000000000000000000000000000000000000000000000000000000000000000000000001|00000000000000000000000000000000000000000000000001|0000000000000000000000000000000000000000000000000000000000000000000000000000000000000000000000000001|001|01|00000000000000000001|00000000000000000000000000000000000000000000000001
02|00000017308611000102|00000001|01|01|0000000000000000000000000000000000000000000000000000000000000000000000000000000000000000000000000001|0000000000000000000000000000000000000000000000000000000000000000000000000000000000000000000000000001|00000000000000000000000000000000000000000000000001|0000000000000000000000000000000000000000000000000000000000000000000000000000000000000000000000000001|001|01|00000000000000000001|00000000000000000000000000000000000000000000000001
02|00000049106119000132|00000001|01|01|0000000000000000000000000000000000000000000000000000000000000000000000000000000000000000000000000001|0000000000000000000000000000000000000000000000000000000000000000000000000000000000000000000000000001|00000000000000000000000000000000000000000000000001|0000000000000000000000000000000000000000000000000000000000000000000000000000000000000000000000000001|001|01|00000000000000000001|00000000000000000000000000000000000000000000000001
02|00000030301052000169|00000001|01|01|0000000000000000000000000000000000000000000000000000000000000000000000000000000000000000000000000001|0000000000000000000000000000000000000000000000000000000000000000000000000000000000000000000000000001|00000000000000000000000000000000000000000000000001|0000000000000000000000000000000000000000000000000000000000000000000000000000000000000000000000000001|001|01|00000000000000000001|00000000000000000000000000000000000000000000000001
02|00000000089868250749|00000001|01|01|0000000000000000000000000000000000000000000000000000000000000000000000000000000000000000000000000001|0000000000000000000000000000000000000000000000000000000000000000000000000000000000000000000000000001|00000000000000000000000000000000000000000000000001|0000000000000000000000000000000000000000000000000000000000000000000000000000000000000000000000000001|001|01|00000000000000000001|00000000000000000000000000000000000000000000000001
02|00000073442782000192|00000001|01|01|0000000000000000000000000000000000000000000000000000000000000000000000000000000000000000000000000001|0000000000000000000000000000000000000000000000000000000000000000000000000000000000000000000000000001|00000000000000000000000000000000000000000000000001|0000000000000000000000000000000000000000000000000000000000000000000000000000000000000000000000000001|001|01|00000000000000000001|00000000000000000000000000000000000000000000000001
02|00000016589628000104|00000001|01|01|0000000000000000000000000000000000000000000000000000000000000000000000000000000000000000000000000001|0000000000000000000000000000000000000000000000000000000000000000000000000000000000000000000000000001|00000000000000000000000000000000000000000000000001|0000000000000000000000000000000000000000000000000000000000000000000000000000000000000000000000000001|001|01|00000000000000000001|00000000000000000000000000000000000000000000000001
02|00000033766999000133|00000001|01|01|0000000000000000000000000000000000000000000000000000000000000000000000000000000000000000000000000001|0000000000000000000000000000000000000000000000000000000000000000000000000000000000000000000000000001|00000000000000000000000000000000000000000000000001|0000000000000000000000000000000000000000000000000000000000000000000000000000000000000000000000000001|001|01|00000000000000000001|00000000000000000000000000000000000000000000000001
02|00000006029385000104|00000001|01|01|0000000000000000000000000000000000000000000000000000000000000000000000000000000000000000000000000001|0000000000000000000000000000000000000000000000000000000000000000000000000000000000000000000000000001|00000000000000000000000000000000000000000000000001|0000000000000000000000000000000000000000000000000000000000000000000000000000000000000000000000000001|001|01|00000000000000000001|00000000000000000000000000000000000000000000000001
02|00000025266025000162|00000001|01|01|0000000000000000000000000000000000000000000000000000000000000000000000000000000000000000000000000001|0000000000000000000000000000000000000000000000000000000000000000000000000000000000000000000000000001|00000000000000000000000000000000000000000000000001|0000000000000000000000000000000000000000000000000000000000000000000000000000000000000000000000000001|001|01|00000000000000000001|00000000000000000000000000000000000000000000000001
02|00000000082124043749|00000001|01|01|0000000000000000000000000000000000000000000000000000000000000000000000000000000000000000000000000001|0000000000000000000000000000000000000000000000000000000000000000000000000000000000000000000000000001|00000000000000000000000000000000000000000000000001|0000000000000000000000000000000000000000000000000000000000000000000000000000000000000000000000000001|001|01|00000000000000000001|00000000000000000000000000000000000000000000000001
02|00000013716207000109|00000001|01|01|0000000000000000000000000000000000000000000000000000000000000000000000000000000000000000000000000001|0000000000000000000000000000000000000000000000000000000000000000000000000000000000000000000000000001|00000000000000000000000000000000000000000000000001|0000000000000000000000000000000000000000000000000000000000000000000000000000000000000000000000000001|001|01|00000000000000000001|00000000000000000000000000000000000000000000000001
02|00000028530025000116|00000001|01|01|0000000000000000000000000000000000000000000000000000000000000000000000000000000000000000000000000001|0000000000000000000000000000000000000000000000000000000000000000000000000000000000000000000000000001|00000000000000000000000000000000000000000000000001|0000000000000000000000000000000000000000000000000000000000000000000000000000000000000000000000000001|001|01|00000000000000000001|00000000000000000000000000000000000000000000000001
02|00000033377249000170|00000001|01|01|0000000000000000000000000000000000000000000000000000000000000000000000000000000000000000000000000001|0000000000000000000000000000000000000000000000000000000000000000000000000000000000000000000000000001|00000000000000000000000000000000000000000000000001|0000000000000000000000000000000000000000000000000000000000000000000000000000000000000000000000000001|001|01|00000000000000000001|00000000000000000000000000000000000000000000000001
02|00000027379123000131|00000001|01|01|0000000000000000000000000000000000000000000000000000000000000000000000000000000000000000000000000001|0000000000000000000000000000000000000000000000000000000000000000000000000000000000000000000000000001|00000000000000000000000000000000000000000000000001|0000000000000000000000000000000000000000000000000000000000000000000000000000000000000000000000000001|001|01|00000000000000000001|00000000000000000000000000000000000000000000000001
02|00000012508777000140|00000001|01|01|0000000000000000000000000000000000000000000000000000000000000000000000000000000000000000000000000001|0000000000000000000000000000000000000000000000000000000000000000000000000000000000000000000000000001|00000000000000000000000000000000000000000000000001|0000000000000000000000000000000000000000000000000000000000000000000000000000000000000000000000000001|001|01|00000000000000000001|00000000000000000000000000000000000000000000000001
02|00000030988604000159|00000001|01|01|0000000000000000000000000000000000000000000000000000000000000000000000000000000000000000000000000001|0000000000000000000000000000000000000000000000000000000000000000000000000000000000000000000000000001|00000000000000000000000000000000000000000000000001|0000000000000000000000000000000000000000000000000000000000000000000000000000000000000000000000000001|001|01|00000000000000000001|00000000000000000000000000000000000000000000000001
02|00000021763508000111|00000001|01|01|0000000000000000000000000000000000000000000000000000000000000000000000000000000000000000000000000001|0000000000000000000000000000000000000000000000000000000000000000000000000000000000000000000000000001|00000000000000000000000000000000000000000000000001|0000000000000000000000000000000000000000000000000000000000000000000000000000000000000000000000000001|001|01|00000000000000000001|00000000000000000000000000000000000000000000000001
02|00000014970374000144|00000001|01|01|0000000000000000000000000000000000000000000000000000000000000000000000000000000000000000000000000001|0000000000000000000000000000000000000000000000000000000000000000000000000000000000000000000000000001|00000000000000000000000000000000000000000000000001|0000000000000000000000000000000000000000000000000000000000000000000000000000000000000000000000000001|001|01|00000000000000000001|00000000000000000000000000000000000000000000000001
02|00000013725103000160|00000001|01|01|0000000000000000000000000000000000000000000000000000000000000000000000000000000000000000000000000001|0000000000000000000000000000000000000000000000000000000000000000000000000000000000000000000000000001|00000000000000000000000000000000000000000000000001|0000000000000000000000000000000000000000000000000000000000000000000000000000000000000000000000000001|001|01|00000000000000000001|00000000000000000000000000000000000000000000000001
02|00000010845031000105|00000001|01|01|0000000000000000000000000000000000000000000000000000000000000000000000000000000000000000000000000001|0000000000000000000000000000000000000000000000000000000000000000000000000000000000000000000000000001|00000000000000000000000000000000000000000000000001|0000000000000000000000000000000000000000000000000000000000000000000000000000000000000000000000000001|001|01|00000000000000000001|00000000000000000000000000000000000000000000000001
02|00000001751533000178|00000001|01|01|0000000000000000000000000000000000000000000000000000000000000000000000000000000000000000000000000001|0000000000000000000000000000000000000000000000000000000000000000000000000000000000000000000000000001|00000000000000000000000000000000000000000000000001|0000000000000000000000000000000000000000000000000000000000000000000000000000000000000000000000000001|001|01|00000000000000000001|00000000000000000000000000000000000000000000000001
02|00000003559520000127|00000001|01|01|0000000000000000000000000000000000000000000000000000000000000000000000000000000000000000000000000001|0000000000000000000000000000000000000000000000000000000000000000000000000000000000000000000000000001|00000000000000000000000000000000000000000000000001|0000000000000000000000000000000000000000000000000000000000000000000000000000000000000000000000000001|001|01|00000000000000000001|00000000000000000000000000000000000000000000000001
02|00000000323439000155|00000001|01|01|0000000000000000000000000000000000000000000000000000000000000000000000000000000000000000000000000001|0000000000000000000000000000000000000000000000000000000000000000000000000000000000000000000000000001|00000000000000000000000000000000000000000000000001|0000000000000000000000000000000000000000000000000000000000000000000000000000000000000000000000000001|001|01|00000000000000000001|00000000000000000000000000000000000000000000000001
02|00000023792403000116|00000001|01|01|0000000000000000000000000000000000000000000000000000000000000000000000000000000000000000000000000001|0000000000000000000000000000000000000000000000000000000000000000000000000000000000000000000000000001|00000000000000000000000000000000000000000000000001|0000000000000000000000000000000000000000000000000000000000000000000000000000000000000000000000000001|001|01|00000000000000000001|00000000000000000000000000000000000000000000000001
02|00000000457060000138|00000001|01|01|0000000000000000000000000000000000000000000000000000000000000000000000000000000000000000000000000001|0000000000000000000000000000000000000000000000000000000000000000000000000000000000000000000000000001|00000000000000000000000000000000000000000000000001|0000000000000000000000000000000000000000000000000000000000000000000000000000000000000000000000000001|001|01|00000000000000000001|00000000000000000000000000000000000000000000000001
02|00000022013079000128|00000001|01|01|0000000000000000000000000000000000000000000000000000000000000000000000000000000000000000000000000001|0000000000000000000000000000000000000000000000000000000000000000000000000000000000000000000000000001|00000000000000000000000000000000000000000000000001|0000000000000000000000000000000000000000000000000000000000000000000000000000000000000000000000000001|001|01|00000000000000000001|00000000000000000000000000000000000000000000000001
02||00000001|01|01|0000000000000000000000000000000000000000000000000000000000000000000000000000000000000000000000000001|0000000000000000000000000000000000000000000000000000000000000000000000000000000000000000000000000001|00000000000000000000000000000000000000000000000001|0000000000000000000000000000000000000000000000000000000000000000000000000000000000000000000000000001|001|01|00000000000000000001|00000000000000000000000000000000000000000000000001
02|00000002827778000102|00000001|01|01|0000000000000000000000000000000000000000000000000000000000000000000000000000000000000000000000000001|0000000000000000000000000000000000000000000000000000000000000000000000000000000000000000000000000001|00000000000000000000000000000000000000000000000001|0000000000000000000000000000000000000000000000000000000000000000000000000000000000000000000000000001|001|01|00000000000000000001|00000000000000000000000000000000000000000000000001
02|00000039777776000158|00000001|01|01|0000000000000000000000000000000000000000000000000000000000000000000000000000000000000000000000000001|0000000000000000000000000000000000000000000000000000000000000000000000000000000000000000000000000001|00000000000000000000000000000000000000000000000001|0000000000000000000000000000000000000000000000000000000000000000000000000000000000000000000000000001|001|01|00000000000000000001|00000000000000000000000000000000000000000000000001
02|00000041936491000164|00000001|01|01|0000000000000000000000000000000000000000000000000000000000000000000000000000000000000000000000000001|0000000000000000000000000000000000000000000000000000000000000000000000000000000000000000000000000001|00000000000000000000000000000000000000000000000001|0000000000000000000000000000000000000000000000000000000000000000000000000000000000000000000000000001|001|01|00000000000000000001|00000000000000000000000000000000000000000000000001
02|00000007673954000104|00000001|01|01|0000000000000000000000000000000000000000000000000000000000000000000000000000000000000000000000000001|0000000000000000000000000000000000000000000000000000000000000000000000000000000000000000000000000001|00000000000000000000000000000000000000000000000001|0000000000000000000000000000000000000000000000000000000000000000000000000000000000000000000000000001|001|01|00000000000000000001|00000000000000000000000000000000000000000000000001
02|00000005622093000100|00000001|01|01|0000000000000000000000000000000000000000000000000000000000000000000000000000000000000000000000000001|0000000000000000000000000000000000000000000000000000000000000000000000000000000000000000000000000001|00000000000000000000000000000000000000000000000001|0000000000000000000000000000000000000000000000000000000000000000000000000000000000000000000000000001|001|01|00000000000000000001|00000000000000000000000000000000000000000000000001
02|00000000001631033727|00000001|01|01|0000000000000000000000000000000000000000000000000000000000000000000000000000000000000000000000000001|0000000000000000000000000000000000000000000000000000000000000000000000000000000000000000000000000001|00000000000000000000000000000000000000000000000001|0000000000000000000000000000000000000000000000000000000000000000000000000000000000000000000000000001|001|01|00000000000000000001|00000000000000000000000000000000000000000000000001
02|00000002917249000191|00000001|01|01|0000000000000000000000000000000000000000000000000000000000000000000000000000000000000000000000000001|0000000000000000000000000000000000000000000000000000000000000000000000000000000000000000000000000001|00000000000000000000000000000000000000000000000001|0000000000000000000000000000000000000000000000000000000000000000000000000000000000000000000000000001|001|01|00000000000000000001|00000000000000000000000000000000000000000000000001
02|00000004636451000170|00000001|01|01|0000000000000000000000000000000000000000000000000000000000000000000000000000000000000000000000000001|0000000000000000000000000000000000000000000000000000000000000000000000000000000000000000000000000001|00000000000000000000000000000000000000000000000001|0000000000000000000000000000000000000000000000000000000000000000000000000000000000000000000000000001|001|01|00000000000000000001|00000000000000000000000000000000000000000000000001
02|00000017467515003386|00000001|01|01|0000000000000000000000000000000000000000000000000000000000000000000000000000000000000000000000000001|0000000000000000000000000000000000000000000000000000000000000000000000000000000000000000000000000001|00000000000000000000000000000000000000000000000001|0000000000000000000000000000000000000000000000000000000000000000000000000000000000000000000000000001|001|01|00000000000000000001|00000000000000000000000000000000000000000000000001
02|00000005120086000100|00000001|01|01|0000000000000000000000000000000000000000000000000000000000000000000000000000000000000000000000000001|0000000000000000000000000000000000000000000000000000000000000000000000000000000000000000000000000001|00000000000000000000000000000000000000000000000001|0000000000000000000000000000000000000000000000000000000000000000000000000000000000000000000000000001|001|01|00000000000000000001|00000000000000000000000000000000000000000000000001
02|00000030381073000131|00000001|01|01|0000000000000000000000000000000000000000000000000000000000000000000000000000000000000000000000000001|0000000000000000000000000000000000000000000000000000000000000000000000000000000000000000000000000001|00000000000000000000000000000000000000000000000001|0000000000000000000000000000000000000000000000000000000000000000000000000000000000000000000000000001|001|01|00000000000000000001|00000000000000000000000000000000000000000000000001
02|00000000603178000127|00000001|01|01|0000000000000000000000000000000000000000000000000000000000000000000000000000000000000000000000000001|0000000000000000000000000000000000000000000000000000000000000000000000000000000000000000000000000001|00000000000000000000000000000000000000000000000001|0000000000000000000000000000000000000000000000000000000000000000000000000000000000000000000000000001|001|01|00000000000000000001|00000000000000000000000000000000000000000000000001
02|00000041040599000174|00000001|01|01|0000000000000000000000000000000000000000000000000000000000000000000000000000000000000000000000000001|0000000000000000000000000000000000000000000000000000000000000000000000000000000000000000000000000001|00000000000000000000000000000000000000000000000001|0000000000000000000000000000000000000000000000000000000000000000000000000000000000000000000000000001|001|01|00000000000000000001|00000000000000000000000000000000000000000000000001
02|00000021922850000117|00000001|01|01|0000000000000000000000000000000000000000000000000000000000000000000000000000000000000000000000000001|0000000000000000000000000000000000000000000000000000000000000000000000000000000000000000000000000001|00000000000000000000000000000000000000000000000001|0000000000000000000000000000000000000000000000000000000000000000000000000000000000000000000000000001|001|01|00000000000000000001|00000000000000000000000000000000000000000000000001

