01|RELCLI|050|01|202301290938|20230129|20230129|16731862000124|07216054000138
02|00000004794860000103|00000001|01|01|0000000000000000000000000000000000000000000000000000000000000000000000000000000000000000000000000001|0000000000000000000000000000000000000000000000000000000000000000000000000000000000000000000000000001|00000000000000000000000000000000000000000000000001|0000000000000000000000000000000000000000000000000000000000000000000000000000000000000000000000000001|001|01|00000000000000000001|00000000000000000000000000000000000000000000000001
02|00000000003657160736|00000001|01|01|0000000000000000000000000000000000000000000000000000000000000000000000000000000000000000000000000001|0000000000000000000000000000000000000000000000000000000000000000000000000000000000000000000000000001|00000000000000000000000000000000000000000000000001|0000000000000000000000000000000000000000000000000000000000000000000000000000000000000000000000000001|001|01|00000000000000000001|00000000000000000000000000000000000000000000000001
02|00000033908057000142|00000001|01|01|0000000000000000000000000000000000000000000000000000000000000000000000000000000000000000000000000001|0000000000000000000000000000000000000000000000000000000000000000000000000000000000000000000000000001|00000000000000000000000000000000000000000000000001|0000000000000000000000000000000000000000000000000000000000000000000000000000000000000000000000000001|001|01|00000000000000000001|00000000000000000000000000000000000000000000000001
02|00000000067362052715|00000001|01|01|0000000000000000000000000000000000000000000000000000000000000000000000000000000000000000000000000001|0000000000000000000000000000000000000000000000000000000000000000000000000000000000000000000000000001|00000000000000000000000000000000000000000000000001|0000000000000000000000000000000000000000000000000000000000000000000000000000000000000000000000000001|001|01|00000000000000000001|00000000000000000000000000000000000000000000000001
02|00000028065845000184|00000001|01|01|0000000000000000000000000000000000000000000000000000000000000000000000000000000000000000000000000001|0000000000000000000000000000000000000000000000000000000000000000000000000000000000000000000000000001|00000000000000000000000000000000000000000000000001|0000000000000000000000000000000000000000000000000000000000000000000000000000000000000000000000000001|001|01|00000000000000000001|00000000000000000000000000000000000000000000000001
02|00000021263523000109|00000001|01|01|0000000000000000000000000000000000000000000000000000000000000000000000000000000000000000000000000001|0000000000000000000000000000000000000000000000000000000000000000000000000000000000000000000000000001|00000000000000000000000000000000000000000000000001|0000000000000000000000000000000000000000000000000000000000000000000000000000000000000000000000000001|001|01|00000000000000000001|00000000000000000000000000000000000000000000000001
02|00000011441067000188|00000001|01|01|0000000000000000000000000000000000000000000000000000000000000000000000000000000000000000000000000001|0000000000000000000000000000000000000000000000000000000000000000000000000000000000000000000000000001|00000000000000000000000000000000000000000000000001|0000000000000000000000000000000000000000000000000000000000000000000000000000000000000000000000000001|001|01|00000000000000000001|00000000000000000000000000000000000000000000000001
02|00000028831999000130|00000001|01|01|0000000000000000000000000000000000000000000000000000000000000000000000000000000000000000000000000001|0000000000000000000000000000000000000000000000000000000000000000000000000000000000000000000000000001|00000000000000000000000000000000000000000000000001|0000000000000000000000000000000000000000000000000000000000000000000000000000000000000000000000000001|001|01|00000000000000000001|00000000000000000000000000000000000000000000000001
02|00000034500174000135|00000001|01|01|0000000000000000000000000000000000000000000000000000000000000000000000000000000000000000000000000001|0000000000000000000000000000000000000000000000000000000000000000000000000000000000000000000000000001|00000000000000000000000000000000000000000000000001|0000000000000000000000000000000000000000000000000000000000000000000000000000000000000000000000000001|001|01|00000000000000000001|00000000000000000000000000000000000000000000000001
02|00000017231592000155|00000001|01|01|0000000000000000000000000000000000000000000000000000000000000000000000000000000000000000000000000001|0000000000000000000000000000000000000000000000000000000000000000000000000000000000000000000000000001|00000000000000000000000000000000000000000000000001|0000000000000000000000000000000000000000000000000000000000000000000000000000000000000000000000000001|001|01|00000000000000000001|00000000000000000000000000000000000000000000000001
02|00000031317035000182|00000001|01|01|0000000000000000000000000000000000000000000000000000000000000000000000000000000000000000000000000001|0000000000000000000000000000000000000000000000000000000000000000000000000000000000000000000000000001|00000000000000000000000000000000000000000000000001|0000000000000000000000000000000000000000000000000000000000000000000000000000000000000000000000000001|001|01|00000000000000000001|00000000000000000000000000000000000000000000000001
02|00000007616614000141|00000001|01|01|0000000000000000000000000000000000000000000000000000000000000000000000000000000000000000000000000001|0000000000000000000000000000000000000000000000000000000000000000000000000000000000000000000000000001|00000000000000000000000000000000000000000000000001|0000000000000000000000000000000000000000000000000000000000000000000000000000000000000000000000000001|001|01|00000000000000000001|00000000000000000000000000000000000000000000000001
02|00000000011111111111|00000001|01|01|0000000000000000000000000000000000000000000000000000000000000000000000000000000000000000000000000001|0000000000000000000000000000000000000000000000000000000000000000000000000000000000000000000000000001|00000000000000000000000000000000000000000000000001|0000000000000000000000000000000000000000000000000000000000000000000000000000000000000000000000000001|001|01|00000000000000000001|00000000000000000000000000000000000000000000000001
02|00000005622046000166|00000001|01|01|0000000000000000000000000000000000000000000000000000000000000000000000000000000000000000000000000001|0000000000000000000000000000000000000000000000000000000000000000000000000000000000000000000000000001|00000000000000000000000000000000000000000000000001|0000000000000000000000000000000000000000000000000000000000000000000000000000000000000000000000000001|001|01|00000000000000000001|00000000000000000000000000000000000000000000000001
02|00000010441261000109|00000001|01|01|0000000000000000000000000000000000000000000000000000000000000000000000000000000000000000000000000001|0000000000000000000000000000000000000000000000000000000000000000000000000000000000000000000000000001|00000000000000000000000000000000000000000000000001|0000000000000000000000000000000000000000000000000000000000000000000000000000000000000000000000000001|001|01|00000000000000000001|00000000000000000000000000000000000000000000000001
02|00000026407344000103|00000001|01|01|0000000000000000000000000000000000000000000000000000000000000000000000000000000000000000000000000001|0000000000000000000000000000000000000000000000000000000000000000000000000000000000000000000000000001|00000000000000000000000000000000000000000000000001|0000000000000000000000000000000000000000000000000000000000000000000000000000000000000000000000000001|001|01|00000000000000000001|00000000000000000000000000000000000000000000000001
02|00000000776574200597|00000001|01|01|0000000000000000000000000000000000000000000000000000000000000000000000000000000000000000000000000001|0000000000000000000000000000000000000000000000000000000000000000000000000000000000000000000000000001|00000000000000000000000000000000000000000000000001|0000000000000000000000000000000000000000000000000000000000000000000000000000000000000000000000000001|001|01|00000000000000000001|00000000000000000000000000000000000000000000000001
02|00000007548684000100|00000001|01|01|0000000000000000000000000000000000000000000000000000000000000000000000000000000000000000000000000001|0000000000000000000000000000000000000000000000000000000000000000000000000000000000000000000000000001|00000000000000000000000000000000000000000000000001|0000000000000000000000000000000000000000000000000000000000000000000000000000000000000000000000000001|001|01|00000000000000000001|00000000000000000000000000000000000000000000000001
02|00000033618984000209|00000001|01|01|0000000000000000000000000000000000000000000000000000000000000000000000000000000000000000000000000001|0000000000000000000000000000000000000000000000000000000000000000000000000000000000000000000000000001|00000000000000000000000000000000000000000000000001|0000000000000000000000000000000000000000000000000000000000000000000000000000000000000000000000000001|001|01|00000000000000000001|00000000000000000000000000000000000000000000000001
02|00000040763303000180|00000001|01|01|0000000000000000000000000000000000000000000000000000000000000000000000000000000000000000000000000001|0000000000000000000000000000000000000000000000000000000000000000000000000000000000000000000000000001|00000000000000000000000000000000000000000000000001|0000000000000000000000000000000000000000000000000000000000000000000000000000000000000000000000000001|001|01|00000000000000000001|00000000000000000000000000000000000000000000000001
02|00000036060788000179|00000001|01|01|0000000000000000000000000000000000000000000000000000000000000000000000000000000000000000000000000001|0000000000000000000000000000000000000000000000000000000000000000000000000000000000000000000000000001|00000000000000000000000000000000000000000000000001|0000000000000000000000000000000000000000000000000000000000000000000000000000000000000000000000000001|001|01|00000000000000000001|00000000000000000000000000000000000000000000000001
02|00000028778219000135|00000001|01|01|0000000000000000000000000000000000000000000000000000000000000000000000000000000000000000000000000001|0000000000000000000000000000000000000000000000000000000000000000000000000000000000000000000000000001|00000000000000000000000000000000000000000000000001|0000000000000000000000000000000000000000000000000000000000000000000000000000000000000000000000000001|001|01|00000000000000000001|00000000000000000000000000000000000000000000000001
02|00000040377590000190|00000001|01|01|0000000000000000000000000000000000000000000000000000000000000000000000000000000000000000000000000001|0000000000000000000000000000000000000000000000000000000000000000000000000000000000000000000000000001|00000000000000000000000000000000000000000000000001|0000000000000000000000000000000000000000000000000000000000000000000000000000000000000000000000000001|001|01|00000000000000000001|00000000000000000000000000000000000000000000000001
02|00000033229410000168|00000001|01|01|0000000000000000000000000000000000000000000000000000000000000000000000000000000000000000000000000001|0000000000000000000000000000000000000000000000000000000000000000000000000000000000000000000000000001|00000000000000000000000000000000000000000000000001|0000000000000000000000000000000000000000000000000000000000000000000000000000000000000000000000000001|001|01|00000000000000000001|00000000000000000000000000000000000000000000000001
02|00000034519004000100|00000001|01|01|0000000000000000000000000000000000000000000000000000000000000000000000000000000000000000000000000001|0000000000000000000000000000000000000000000000000000000000000000000000000000000000000000000000000001|00000000000000000000000000000000000000000000000001|0000000000000000000000000000000000000000000000000000000000000000000000000000000000000000000000000001|001|01|00000000000000000001|00000000000000000000000000000000000000000000000001
02|00000000994242000300|00000001|01|01|0000000000000000000000000000000000000000000000000000000000000000000000000000000000000000000000000001|0000000000000000000000000000000000000000000000000000000000000000000000000000000000000000000000000001|00000000000000000000000000000000000000000000000001|0000000000000000000000000000000000000000000000000000000000000000000000000000000000000000000000000001|001|01|00000000000000000001|00000000000000000000000000000000000000000000000001
02|00000000010802038778|00000001|01|01|0000000000000000000000000000000000000000000000000000000000000000000000000000000000000000000000000001|0000000000000000000000000000000000000000000000000000000000000000000000000000000000000000000000000001|00000000000000000000000000000000000000000000000001|0000000000000000000000000000000000000000000000000000000000000000000000000000000000000000000000000001|001|01|00000000000000000001|00000000000000000000000000000000000000000000000001
02|00000010717946000127|00000001|01|01|0000000000000000000000000000000000000000000000000000000000000000000000000000000000000000000000000001|0000000000000000000000000000000000000000000000000000000000000000000000000000000000000000000000000001|00000000000000000000000000000000000000000000000001|0000000000000000000000000000000000000000000000000000000000000000000000000000000000000000000000000001|001|01|00000000000000000001|00000000000000000000000000000000000000000000000001
02|00000000309860000101|00000001|01|01|0000000000000000000000000000000000000000000000000000000000000000000000000000000000000000000000000001|0000000000000000000000000000000000000000000000000000000000000000000000000000000000000000000000000001|00000000000000000000000000000000000000000000000001|0000000000000000000000000000000000000000000000000000000000000000000000000000000000000000000000000001|001|01|00000000000000000001|00000000000000000000000000000000000000000000000001
02|00000014345476000179|00000001|01|01|0000000000000000000000000000000000000000000000000000000000000000000000000000000000000000000000000001|0000000000000000000000000000000000000000000000000000000000000000000000000000000000000000000000000001|00000000000000000000000000000000000000000000000001|0000000000000000000000000000000000000000000000000000000000000000000000000000000000000000000000000001|001|01|00000000000000000001|00000000000000000000000000000000000000000000000001
02|00000004509730000173|00000001|01|01|0000000000000000000000000000000000000000000000000000000000000000000000000000000000000000000000000001|0000000000000000000000000000000000000000000000000000000000000000000000000000000000000000000000000001|00000000000000000000000000000000000000000000000001|0000000000000000000000000000000000000000000000000000000000000000000000000000000000000000000000000001|001|01|00000000000000000001|00000000000000000000000000000000000000000000000001
02|00000021483615000439|00000001|01|01|0000000000000000000000000000000000000000000000000000000000000000000000000000000000000000000000000001|0000000000000000000000000000000000000000000000000000000000000000000000000000000000000000000000000001|00000000000000000000000000000000000000000000000001|0000000000000000000000000000000000000000000000000000000000000000000000000000000000000000000000000001|001|01|00000000000000000001|00000000000000000000000000000000000000000000000001
02|00000008628218000105|00000001|01|01|0000000000000000000000000000000000000000000000000000000000000000000000000000000000000000000000000001|0000000000000000000000000000000000000000000000000000000000000000000000000000000000000000000000000001|00000000000000000000000000000000000000000000000001|0000000000000000000000000000000000000000000000000000000000000000000000000000000000000000000000000001|001|01|00000000000000000001|00000000000000000000000000000000000000000000000001
02|00000006347956000140|00000001|01|01|0000000000000000000000000000000000000000000000000000000000000000000000000000000000000000000000000001|0000000000000000000000000000000000000000000000000000000000000000000000000000000000000000000000000001|00000000000000000000000000000000000000000000000001|0000000000000000000000000000000000000000000000000000000000000000000000000000000000000000000000000001|001|01|00000000000000000001|00000000000000000000000000000000000000000000000001
02|00000025255477000149|00000001|01|01|0000000000000000000000000000000000000000000000000000000000000000000000000000000000000000000000000001|0000000000000000000000000000000000000000000000000000000000000000000000000000000000000000000000000001|00000000000000000000000000000000000000000000000001|0000000000000000000000000000000000000000000000000000000000000000000000000000000000000000000000000001|001|01|00000000000000000001|00000000000000000000000000000000000000000000000001
02|00000030197974000178|00000001|01|01|0000000000000000000000000000000000000000000000000000000000000000000000000000000000000000000000000001|0000000000000000000000000000000000000000000000000000000000000000000000000000000000000000000000000001|00000000000000000000000000000000000000000000000001|0000000000000000000000000000000000000000000000000000000000000000000000000000000000000000000000000001|001|01|00000000000000000001|00000000000000000000000000000000000000000000000001
02|00000027379123000131|00000001|01|01|0000000000000000000000000000000000000000000000000000000000000000000000000000000000000000000000000001|0000000000000000000000000000000000000000000000000000000000000000000000000000000000000000000000000001|00000000000000000000000000000000000000000000000001|0000000000000000000000000000000000000000000000000000000000000000000000000000000000000000000000000001|001|01|00000000000000000001|00000000000000000000000000000000000000000000000001
02|00000013149581000170|00000001|01|01|0000000000000000000000000000000000000000000000000000000000000000000000000000000000000000000000000001|0000000000000000000000000000000000000000000000000000000000000000000000000000000000000000000000000001|00000000000000000000000000000000000000000000000001|0000000000000000000000000000000000000000000000000000000000000000000000000000000000000000000000000001|001|01|00000000000000000001|00000000000000000000000000000000000000000000000001
02|00000003951550000346|00000001|01|01|0000000000000000000000000000000000000000000000000000000000000000000000000000000000000000000000000001|0000000000000000000000000000000000000000000000000000000000000000000000000000000000000000000000000001|00000000000000000000000000000000000000000000000001|0000000000000000000000000000000000000000000000000000000000000000000000000000000000000000000000000001|001|01|00000000000000000001|00000000000000000000000000000000000000000000000001
02|00000006340575000130|00000001|01|01|0000000000000000000000000000000000000000000000000000000000000000000000000000000000000000000000000001|0000000000000000000000000000000000000000000000000000000000000000000000000000000000000000000000000001|00000000000000000000000000000000000000000000000001|0000000000000000000000000000000000000000000000000000000000000000000000000000000000000000000000000001|001|01|00000000000000000001|00000000000000000000000000000000000000000000000001
02|00000018946666000100|00000001|01|01|0000000000000000000000000000000000000000000000000000000000000000000000000000000000000000000000000001|0000000000000000000000000000000000000000000000000000000000000000000000000000000000000000000000000001|00000000000000000000000000000000000000000000000001|0000000000000000000000000000000000000000000000000000000000000000000000000000000000000000000000000001|001|01|00000000000000000001|00000000000000000000000000000000000000000000000001
02|00000030537740000122|00000001|01|01|0000000000000000000000000000000000000000000000000000000000000000000000000000000000000000000000000001|0000000000000000000000000000000000000000000000000000000000000000000000000000000000000000000000000001|00000000000000000000000000000000000000000000000001|0000000000000000000000000000000000000000000000000000000000000000000000000000000000000000000000000001|001|01|00000000000000000001|00000000000000000000000000000000000000000000000001
02|00000019525278000100|00000001|01|01|0000000000000000000000000000000000000000000000000000000000000000000000000000000000000000000000000001|0000000000000000000000000000000000000000000000000000000000000000000000000000000000000000000000000001|00000000000000000000000000000000000000000000000001|0000000000000000000000000000000000000000000000000000000000000000000000000000000000000000000000000001|001|01|00000000000000000001|00000000000000000000000000000000000000000000000001
02|00000013091720000151|00000001|01|01|0000000000000000000000000000000000000000000000000000000000000000000000000000000000000000000000000001|0000000000000000000000000000000000000000000000000000000000000000000000000000000000000000000000000001|00000000000000000000000000000000000000000000000001|0000000000000000000000000000000000000000000000000000000000000000000000000000000000000000000000000001|001|01|00000000000000000001|00000000000000000000000000000000000000000000000001
02|00000042382879000476|00000001|01|01|0000000000000000000000000000000000000000000000000000000000000000000000000000000000000000000000000001|0000000000000000000000000000000000000000000000000000000000000000000000000000000000000000000000000001|00000000000000000000000000000000000000000000000001|0000000000000000000000000000000000000000000000000000000000000000000000000000000000000000000000000001|001|01|00000000000000000001|00000000000000000000000000000000000000000000000001
02|00000033702028000120|00000001|01|01|0000000000000000000000000000000000000000000000000000000000000000000000000000000000000000000000000001|0000000000000000000000000000000000000000000000000000000000000000000000000000000000000000000000000001|00000000000000000000000000000000000000000000000001|0000000000000000000000000000000000000000000000000000000000000000000000000000000000000000000000000001|001|01|00000000000000000001|00000000000000000000000000000000000000000000000001
02|00000023199592000118|00000001|01|01|0000000000000000000000000000000000000000000000000000000000000000000000000000000000000000000000000001|0000000000000000000000000000000000000000000000000000000000000000000000000000000000000000000000000001|00000000000000000000000000000000000000000000000001|0000000000000000000000000000000000000000000000000000000000000000000000000000000000000000000000000001|001|01|00000000000000000001|00000000000000000000000000000000000000000000000001
02|00000010905655000162|00000001|01|01|0000000000000000000000000000000000000000000000000000000000000000000000000000000000000000000000000001|0000000000000000000000000000000000000000000000000000000000000000000000000000000000000000000000000001|00000000000000000000000000000000000000000000000001|0000000000000000000000000000000000000000000000000000000000000000000000000000000000000000000000000001|001|01|00000000000000000001|00000000000000000000000000000000000000000000000001
02|00000004032380000440|00000001|01|01|0000000000000000000000000000000000000000000000000000000000000000000000000000000000000000000000000001|0000000000000000000000000000000000000000000000000000000000000000000000000000000000000000000000000001|00000000000000000000000000000000000000000000000001|0000000000000000000000000000000000000000000000000000000000000000000000000000000000000000000000000001|001|01|00000000000000000001|00000000000000000000000000000000000000000000000001

















































